Disciplina,Turma,Coleg.,Vagas Ofe,Dia,Horário,Docente
,,,,,,
,,,,,,
,,,,,,
,,,,,,
,,,,,,
EDC065 - FUTEBOL DE CAMPO,10100.0,327.0,5.0,QUA,13:55 às 15:45,Fernando Reis do Espirito Santo
,,315.0,20.0,,,Fernando Reis do Espirito Santo
,,327.0,5.0,,15:45 às 17:35,Fernando Reis do Espirito Santo
,,315.0,20.0,,,Fernando Reis do Espirito Santo
,,,,,,
,,,,,,
,,,,,,
,,,,,,
,,,,,,
EDC067 - GINASTICA POSTURAL,10100.0,315.0,10.0,SEG,07:00 às 08:50,Jose Ney do Nascimento Santos
,,189.0,1.0,,,Jose Ney do Nascimento Santos
,,327.0,3.0,,,Jose Ney do Nascimento Santos
,,383.0,3.0,,,Jose Ney do Nascimento Santos
,,515.0,3.0,,,Jose Ney do Nascimento Santos
,,226.0,4.0,,,Jose Ney do Nascimento Santos
,,387.0,1.0,,,Jose Ney do Nascimento Santos
,,315.0,10.0,,08:50 às 10:40,Jose Ney do Nascimento Santos
,,327.0,3.0,,,Jose Ney do Nascimento Santos
,,387.0,1.0,,,Jose Ney do Nascimento Santos
,,189.0,1.0,,,Jose Ney do Nascimento Santos
,,226.0,4.0,,,Jose Ney do Nascimento Santos
,,383.0,3.0,,,Jose Ney do Nascimento Santos
,,515.0,3.0,,,Jose Ney do Nascimento Santos
,,,,,,
,,,,,,
,,,,,,
,,,,,,
,,,,,,
EDC142 - TÉCNICAS E RECURSOS AUDIO-VISUAIS,10101.0,327.0,1.0,TER,13:00 às 14:50,Menandro Celso de Castro Ramos
,,515.0,1.0,,,Menandro Celso de Castro Ramos
,,481.0,3.0,,,Menandro Celso de Castro Ramos
,,480.0,1.0,,,Menandro Celso de Castro Ramos
,,181.0,1.0,,,Menandro Celso de Castro Ramos
,,401.0,1.0,,,Menandro Celso de Castro Ramos
,,108.0,1.0,,,Menandro Celso de Castro Ramos
,,113.0,1.0,,,Menandro Celso de Castro Ramos
,,226.0,1.0,,,Menandro Celso de Castro Ramos
,,387.0,1.0,,,Menandro Celso de Castro Ramos
,,310.0,4.0,,,Menandro Celso de Castro Ramos
,,209.0,4.0,,,Menandro Celso de Castro Ramos
,,480.0,1.0,QUI,13:00 às 14:50,Menandro Celso de Castro Ramos
,,401.0,1.0,,,Menandro Celso de Castro Ramos
,,108.0,1.0,,,Menandro Celso de Castro Ramos
,,113.0,1.0,,,Menandro Celso de Castro Ramos
,,387.0,1.0,,,Menandro Celso de Castro Ramos
,,310.0,4.0,,,Menandro Celso de Castro Ramos
,,515.0,1.0,,,Menandro Celso de Castro Ramos
,,327.0,1.0,,,Menandro Celso de Castro Ramos
,,181.0,1.0,,,Menandro Celso de Castro Ramos
,,209.0,4.0,,,Menandro Celso de Castro Ramos
,,226.0,1.0,,,Menandro Celso de Castro Ramos
,,481.0,3.0,,,Menandro Celso de Castro Ramos
,,387.0,1.0,,14:50 às 17:35,Menandro Celso de Castro Ramos
,,401.0,1.0,,,Menandro Celso de Castro Ramos
,,515.0,1.0,,,Menandro Celso de Castro Ramos
,,480.0,1.0,,,Menandro Celso de Castro Ramos
,,327.0,1.0,,,Menandro Celso de Castro Ramos
,,310.0,4.0,,,Menandro Celso de Castro Ramos
,,481.0,3.0,,,Menandro Celso de Castro Ramos
,,226.0,1.0,,,Menandro Celso de Castro Ramos
,,113.0,1.0,,,Menandro Celso de Castro Ramos
,,209.0,4.0,,,Menandro Celso de Castro Ramos
,,181.0,1.0,,,Menandro Celso de Castro Ramos
,,108.0,1.0,,,Menandro Celso de Castro Ramos
,,,,,,
,,,,,,
,,,,,,
,,,,,,
,,,,,,
EDC167 - METOD.E PRATICA DO ENSINO DE CIÊNCIAS SOCIAIS I,10101.0,306.0,15.0,SEG,07:00 às 08:50,Gustavo Roque de Almeida
,,,,,08:50 às 10:40,Gustavo Roque de Almeida
,,,,QUA,07:00 às 08:50,Gustavo Roque de Almeida
,,,,,08:50 às 10:40,Gustavo Roque de Almeida
,20202.0,306.0,15.0,TER,07:00 às 08:50,Docente Substituto a Contratar
,,,,,08:50 às 10:40,Docente não informado pelo Departamento
,,,,QUI,07:00 às 08:50,Docente não informado pelo Departamento
,,,,,08:50 às 10:40,Docente não informado pelo Departamento
,,,,,,
,,,,,,
,,,,,,
,,,,,,
,,,,,,
EDC168 - METOD.E PRATICA DO ENSINO DE CIÊNCIAS SOCIAIS II,10001.0,306.0,15.0,QUA,07:00 às 07:55,Docente Substituto a Contratar
,,,,,07:55 às 08:50,Docente não informado pelo Departamento
,,,,CMB,00:00 às 00:00,Docente não informado pelo Departamento
,,,,,,
,,,,,,
,,,,,,
,,,,,,
,,,,,,
EDC209 - INTRODUÇÃO À EDUCAÇÃO ESPECIAL,10100.0,402.0,2.0,TER,08:50 às 10:40,Regiane da Silva Barbosa
,,327.0,13.0,,,Regiane da Silva Barbosa
,,387.0,3.0,,,Regiane da Silva Barbosa
,,310.0,15.0,,,Regiane da Silva Barbosa
,,286.0,7.0,,,Regiane da Silva Barbosa
,,,,,10:40 às 12:30,Regiane da Silva Barbosa
,,402.0,2.0,,,Regiane da Silva Barbosa
,,310.0,15.0,,,Regiane da Silva Barbosa
,,327.0,13.0,,,Regiane da Silva Barbosa
,,387.0,3.0,,,Regiane da Silva Barbosa
,20200.0,401.0,10.0,QUA,13:00 às 14:50,Fernanda Matrigani Mercado Gutierres de
,,327.0,13.0,,,Fernanda Matrigani Mercado Gutierres de
,,226.0,5.0,,,Fernanda Matrigani Mercado Gutierres de
,,210.0,10.0,,,Fernanda Matrigani Mercado Gutierres de
,,189.0,2.0,,,Fernanda Matrigani Mercado Gutierres de
,,,,,14:50 às 16:40,Fernanda Matrigani Mercado Gutierres de
,,401.0,10.0,,,Fernanda Matrigani Mercado Gutierres de
,,226.0,5.0,,,Fernanda Matrigani Mercado Gutierres de
,,327.0,13.0,,,Fernanda Matrigani Mercado Gutierres de
,,210.0,10.0,,,Fernanda Matrigani Mercado Gutierres de
,30300.0,310.0,5.0,QUA,18:30 às 20:20,Regiane da Silva Barbosa
,,183.0,4.0,,,Regiane da Silva Barbosa
,,109.0,15.0,,,Regiane da Silva Barbosa
,,182.0,10.0,,,Regiane da Silva Barbosa
,,387.0,6.0,,,Regiane da Silva Barbosa
,,,,,20:20 às 22:10,Regiane da Silva Barbosa
,,182.0,10.0,,,Regiane da Silva Barbosa
,,310.0,5.0,,,Regiane da Silva Barbosa
,,183.0,4.0,,,Regiane da Silva Barbosa
,,109.0,15.0,,,Regiane da Silva Barbosa
,40400.0,387.0,8.0,QUI,18:30 às 20:20,Fernanda Matrigani Mercado Gutierres de
,,286.0,11.0,,,Fernanda Matrigani Mercado Gutierres de
,,481.0,10.0,,,Fernanda Matrigani Mercado Gutierres de
,,480.0,11.0,,,Fernanda Matrigani Mercado Gutierres de
,,,,,20:20 às 22:10,Fernanda Matrigani Mercado Gutierres de
,,286.0,11.0,,,Fernanda Matrigani Mercado Gutierres de
,,387.0,8.0,,,Fernanda Matrigani Mercado Gutierres de
,,481.0,10.0,,,Fernanda Matrigani Mercado Gutierres de
,,,,,,
,,,,,,
,,,,,,
,,,,,,
,,,,,,
EDC224 - ATLETISMO II,10100.0,387.0,5.0,TER,13:00 às 13:55,Admilson Santos
,,327.0,5.0,,,Admilson Santos
,,315.0,7.0,,,Admilson Santos
,,189.0,3.0,,,Admilson Santos
,,226.0,5.0,,,Admilson Santos
,,312.0,5.0,,,Admilson Santos
,,387.0,5.0,,13:55 às 15:45,Admilson Santos
,,312.0,5.0,,,Admilson Santos
,,226.0,5.0,,,Admilson Santos
,,315.0,7.0,,,Admilson Santos
,,189.0,3.0,,,Admilson Santos
,,327.0,5.0,,,Admilson Santos
,,387.0,5.0,,15:45 às 17:35,Admilson Santos
,,312.0,5.0,,,Admilson Santos
,,327.0,5.0,,,Admilson Santos
,,315.0,7.0,,,Admilson Santos
,,189.0,3.0,,,Admilson Santos
,,226.0,5.0,,,Admilson Santos
,,,,,,
,,,,,,
,,,,,,
,,,,,,
,,,,,,
EDC238 - CAPOEIRA I,10100.0,506.0,5.0,SEX,08:50 às 10:40,Pedro Rodolpho Jungers Abib
,,315.0,25.0,,,Pedro Rodolpho Jungers Abib
,,506.0,5.0,,10:40 às 12:30,Pedro Rodolpho Jungers Abib
,,315.0,25.0,,,Pedro Rodolpho Jungers Abib
,,,,,,
,,,,,,
,,,,,,
,,,,,,
,,,,,,
EDC242 - YOGA,10100.0,196.0,4.0,SEG,18:30 às 19:25,Hilda Maria Ferreira de Carvalho Amitay
,,190.0,4.0,,,Hilda Maria Ferreira de Carvalho Amitay
,,286.0,1.0,,,Hilda Maria Ferreira de Carvalho Amitay
,,226.0,4.0,,,Hilda Maria Ferreira de Carvalho Amitay
,,387.0,1.0,,,Hilda Maria Ferreira de Carvalho Amitay
,,315.0,5.0,,,Hilda Maria Ferreira de Carvalho Amitay
,,327.0,1.0,,,Hilda Maria Ferreira de Carvalho Amitay
,,312.0,2.0,,,Hilda Maria Ferreira de Carvalho Amitay
,,503.0,3.0,,,Hilda Maria Ferreira de Carvalho Amitay
,,210.0,5.0,,,Hilda Maria Ferreira de Carvalho Amitay
,,190.0,4.0,,19:25 às 21:15,Hilda Maria Ferreira de Carvalho Amitay
,,327.0,1.0,,,Hilda Maria Ferreira de Carvalho Amitay
,,210.0,5.0,,,Hilda Maria Ferreira de Carvalho Amitay
,,196.0,4.0,,,Hilda Maria Ferreira de Carvalho Amitay
,,503.0,3.0,,,Hilda Maria Ferreira de Carvalho Amitay
,,315.0,5.0,,,Hilda Maria Ferreira de Carvalho Amitay
,,387.0,1.0,,,Hilda Maria Ferreira de Carvalho Amitay
,,312.0,2.0,,,Hilda Maria Ferreira de Carvalho Amitay
,,226.0,4.0,,,Hilda Maria Ferreira de Carvalho Amitay
,,286.0,1.0,,,Hilda Maria Ferreira de Carvalho Amitay
,,327.0,1.0,QUA,18:30 às 20:20,Hilda Maria Ferreira de Carvalho Amitay
,,312.0,2.0,,,Hilda Maria Ferreira de Carvalho Amitay
,,387.0,1.0,,,Hilda Maria Ferreira de Carvalho Amitay
,,503.0,3.0,,,Hilda Maria Ferreira de Carvalho Amitay
,,196.0,4.0,,,Hilda Maria Ferreira de Carvalho Amitay
,,190.0,4.0,,,Hilda Maria Ferreira de Carvalho Amitay
,,315.0,5.0,,,Hilda Maria Ferreira de Carvalho Amitay
,,286.0,1.0,,,Hilda Maria Ferreira de Carvalho Amitay
,,210.0,5.0,,,Hilda Maria Ferreira de Carvalho Amitay
,,226.0,4.0,,,Hilda Maria Ferreira de Carvalho Amitay
,,,,,,
,,,,,,
,,,,,,
,,,,,,
,,,,,,
EDC243 - TREINAMENTO DESPORTIVO,10100.0,327.0,3.0,QUA,07:55 às 12:30,Victor Hugo de Freitas
,,315.0,25.0,,,Victor Hugo de Freitas
,,327.0,3.0,,13:00 às 14:50,Victor Hugo de Freitas
,,315.0,25.0,,,Victor Hugo de Freitas
,,,,,,
,,,,,,
,,,,,,
,,,,,,
,,,,,,
EDC245 - MUSCULACAO,10100.0,226.0,5.0,SEX,07:00 às 07:55,Victor Hugo de Freitas
,,327.0,5.0,,,Victor Hugo de Freitas
,,315.0,20.0,,,Victor Hugo de Freitas
,,,,,07:55 às 10:40,Victor Hugo de Freitas
,,226.0,5.0,,,Victor Hugo de Freitas
,,327.0,5.0,,,Victor Hugo de Freitas
,,315.0,20.0,,10:40 às 11:35,Victor Hugo de Freitas
,,327.0,5.0,,,Victor Hugo de Freitas
,,226.0,5.0,,,Victor Hugo de Freitas
,,,,,,
,,,,,,
,,,,,,
,,,,,,
,,,,,,
EDC264 - DESENVOLVIMENTO MOTOR E EDUCAÇÃO,10100.0,312.0,5.0,TER,07:00 às 10:40,Marcela Rodrigues de Castro
,,315.0,10.0,,,Marcela Rodrigues de Castro
,,209.0,5.0,,,Marcela Rodrigues de Castro
,,222.0,5.0,,,Marcela Rodrigues de Castro
,,226.0,5.0,,,Marcela Rodrigues de Castro
,,315.0,10.0,CMB,00:00 às 00:00,Marcela Rodrigues de Castro
,,312.0,5.0,,,Marcela Rodrigues de Castro
,,226.0,5.0,,,Marcela Rodrigues de Castro
,,209.0,5.0,,,Marcela Rodrigues de Castro
,,222.0,5.0,,,Marcela Rodrigues de Castro
,,,,,,
,,,,,,
,,,,,,
,,,,,,
,,,,,,
EDC267 - EDUCACAO AMBIENTAL,10100.0,515.0,1.0,TER,08:50 às 10:40,Rosileia Oliveira de Almeida
,,481.0,5.0,,,Rosileia Oliveira de Almeida
,,480.0,5.0,,,Rosileia Oliveira de Almeida
,,401.0,6.0,,,Rosileia Oliveira de Almeida
,,209.0,6.0,,,Rosileia Oliveira de Almeida
,,286.0,1.0,,,Rosileia Oliveira de Almeida
,,387.0,1.0,,,Rosileia Oliveira de Almeida
,,113.0,5.0,,,Rosileia Oliveira de Almeida
,,401.0,6.0,,10:40 às 11:35,Rosileia Oliveira de Almeida
,,515.0,1.0,,,Rosileia Oliveira de Almeida
,,481.0,5.0,,,Rosileia Oliveira de Almeida
,,480.0,5.0,,,Rosileia Oliveira de Almeida
,,387.0,1.0,,,Rosileia Oliveira de Almeida
,,209.0,6.0,,,Rosileia Oliveira de Almeida
,,286.0,1.0,,,Rosileia Oliveira de Almeida
,,113.0,5.0,,,Rosileia Oliveira de Almeida
,,481.0,5.0,SEX,08:50 às 11:35,Rosileia Oliveira de Almeida
,,480.0,5.0,,,Rosileia Oliveira de Almeida
,,515.0,1.0,,,Rosileia Oliveira de Almeida
,,387.0,1.0,,,Rosileia Oliveira de Almeida
,,286.0,1.0,,,Rosileia Oliveira de Almeida
,,401.0,6.0,,,Rosileia Oliveira de Almeida
,,209.0,6.0,,,Rosileia Oliveira de Almeida
,,113.0,5.0,,,Rosileia Oliveira de Almeida
,,,,,,
,,,,,,
,,,,,,
,,,,,,
,,,,,,
EDC271 - INICIACAO AO TRABALHO ACADEMICO,10100.0,312.0,35.0,QUA,10:40 às 12:30,Docente Substituto a Contratar
,,,,SEX,10:40 às 12:30,Docente Substituto a Contratar
,20200.0,385.0,20.0,SEX,18:30 às 20:20,Docente Substituto a Contratar
,,,,,20:20 às 22:10,Docente Substituto a Contratar
,,,,,,
,,,,,,
,,,,,,
,,,,,,
,,,,,,
EDC272 - ORGANIZAÇÃO DA EDUCACAO BRASILEIRA 1,10100.0,312.0,45.0,TER,08:50 às 10:40,Marta Licia Teles Brito de Jesus
,,,,,10:40 às 12:30,Marta Licia Teles Brito de Jesus
,20200.0,385.0,25.0,QUA,18:30 às 20:20,Marta Licia Teles Brito de Jesus
,,196.0,5.0,,,Marta Licia Teles Brito de Jesus
,,,,,20:20 às 22:10,Marta Licia Teles Brito de Jesus
,,385.0,25.0,,,Marta Licia Teles Brito de Jesus
,,,,,,
,,,,,,
,,,,,,
,,,,,,
,,,,,,
EDC273 - ANTROPOLOGIA DA EDUCAÇÃO,10100.0,480.0,6.0,SEG,18:30 às 20:20,Nanci Helena Reboucas Franco
,,481.0,5.0,,,Nanci Helena Reboucas Franco
,,401.0,3.0,,,Nanci Helena Reboucas Franco
,,310.0,6.0,,,Nanci Helena Reboucas Franco
,,109.0,3.0,,,Nanci Helena Reboucas Franco
,,385.0,26.0,,,Nanci Helena Reboucas Franco
,,189.0,1.0,,,Nanci Helena Reboucas Franco
,,481.0,5.0,,20:20 às 22:10,Nanci Helena Reboucas Franco
,,480.0,6.0,,,Nanci Helena Reboucas Franco
,,401.0,3.0,,,Nanci Helena Reboucas Franco
,,310.0,6.0,,,Nanci Helena Reboucas Franco
,,189.0,1.0,,,Nanci Helena Reboucas Franco
,,385.0,26.0,,,Nanci Helena Reboucas Franco
,,109.0,3.0,,,Nanci Helena Reboucas Franco
,20200.0,401.0,3.0,QUI,08:50 às 10:40,Nanci Helena Reboucas Franco
,,312.0,47.0,,,Nanci Helena Reboucas Franco
,,401.0,3.0,,10:40 às 12:30,Nanci Helena Reboucas Franco
,,312.0,47.0,,,Nanci Helena Reboucas Franco
,,,,,,
,,,,,,
,,,,,,
,,,,,,
,,,,,,
EDC283 - CURRÍCULO,10100.0,402.0,2.0,SEG,08:50 às 10:40,Maria Roseli Gomes Brito de Sa
,,312.0,20.0,,,Maria Roseli Gomes Brito de Sa
,,401.0,7.0,,,Maria Roseli Gomes Brito de Sa
,,113.0,4.0,,,Maria Roseli Gomes Brito de Sa
,,209.0,7.0,,,Maria Roseli Gomes Brito de Sa
,,402.0,2.0,,10:40 às 12:30,Maria Roseli Gomes Brito de Sa
,,401.0,7.0,,,Maria Roseli Gomes Brito de Sa
,,209.0,7.0,,,Maria Roseli Gomes Brito de Sa
,,113.0,4.0,,,Maria Roseli Gomes Brito de Sa
,,312.0,20.0,,,Maria Roseli Gomes Brito de Sa
,20200.0,481.0,7.0,TER,18:30 às 20:20,Maria Roseli Gomes Brito de Sa
,,480.0,7.0,,,Maria Roseli Gomes Brito de Sa
,,387.0,4.0,,,Maria Roseli Gomes Brito de Sa
,,385.0,16.0,,,Maria Roseli Gomes Brito de Sa
,,196.0,2.0,,,Maria Roseli Gomes Brito de Sa
,,183.0,4.0,,,Maria Roseli Gomes Brito de Sa
,,481.0,7.0,,20:20 às 22:10,Maria Roseli Gomes Brito de Sa
,,196.0,2.0,,,Maria Roseli Gomes Brito de Sa
,,183.0,4.0,,,Maria Roseli Gomes Brito de Sa
,,385.0,16.0,,,Maria Roseli Gomes Brito de Sa
,,480.0,7.0,,,Maria Roseli Gomes Brito de Sa
,,387.0,4.0,,,Maria Roseli Gomes Brito de Sa
,,,,,,
,,,,,,
,,,,,,
,,,,,,
,,,,,,
EDC284 - DIDATICA,10100.0,385.0,9.0,QUA,08:50 às 10:40,Cristina Maria D Avila Teixeira
,,312.0,30.0,,,Cristina Maria D Avila Teixeira
,,506.0,1.0,,,Cristina Maria D Avila Teixeira
,,,,,10:40 às 12:30,Cristina Maria D Avila Teixeira
,,312.0,30.0,,,Cristina Maria D Avila Teixeira
,,385.0,9.0,,,Cristina Maria D Avila Teixeira
,20200.0,197.0,3.0,QUA,18:30 às 20:20,Telma Brito Rocha
,,387.0,1.0,,,Telma Brito Rocha
,,327.0,1.0,,,Telma Brito Rocha
,,312.0,4.0,,,Telma Brito Rocha
,,385.0,30.0,,,Telma Brito Rocha
,,189.0,1.0,,,Telma Brito Rocha
,,387.0,1.0,,20:20 às 22:10,Telma Brito Rocha
,,385.0,30.0,,,Telma Brito Rocha
,,327.0,1.0,,,Telma Brito Rocha
,,197.0,3.0,,,Telma Brito Rocha
,,189.0,1.0,,,Telma Brito Rocha
,,312.0,4.0,,,Telma Brito Rocha
,,,,,,
,,,,,,
,,,,,,
,,,,,,
,,,,,,
EDC286 - AVALIAÇÃO DA APRENDIZAGEM,10100.0,515.0,2.0,TER,08:50 às 10:40,Edna Telma Fonseca e Silva Vilar
,,481.0,15.0,,,Edna Telma Fonseca e Silva Vilar
,,327.0,13.0,,,Edna Telma Fonseca e Silva Vilar
,,312.0,10.0,,,Edna Telma Fonseca e Silva Vilar
,,515.0,2.0,,10:40 às 12:30,Edna Telma Fonseca e Silva Vilar
,,481.0,15.0,,,Edna Telma Fonseca e Silva Vilar
,,327.0,13.0,,,Edna Telma Fonseca e Silva Vilar
,,312.0,10.0,,,Edna Telma Fonseca e Silva Vilar
,20200.0,181.0,5.0,TER,18:30 às 20:20,Rejane de Oliveira Alves
,,480.0,11.0,,,Rejane de Oliveira Alves
,,387.0,7.0,,,Rejane de Oliveira Alves
,,481.0,10.0,,,Rejane de Oliveira Alves
,,385.0,5.0,,,Rejane de Oliveira Alves
,,190.0,1.0,,,Rejane de Oliveira Alves
,,189.0,1.0,,,Rejane de Oliveira Alves
,,385.0,5.0,,20:20 às 22:10,Rejane de Oliveira Alves
,,190.0,1.0,,,Rejane de Oliveira Alves
,,387.0,7.0,,,Rejane de Oliveira Alves
,,181.0,5.0,,,Rejane de Oliveira Alves
,,189.0,1.0,,,Rejane de Oliveira Alves
,,481.0,10.0,,,Rejane de Oliveira Alves
,,480.0,11.0,,,Rejane de Oliveira Alves
,30300.0,387.0,18.0,QUA,18:30 às 20:20,Edna Telma Fonseca e Silva Vilar
,,113.0,3.0,,,Edna Telma Fonseca e Silva Vilar
,,183.0,4.0,,,Edna Telma Fonseca e Silva Vilar
,,196.0,15.0,,,Edna Telma Fonseca e Silva Vilar
,,387.0,18.0,,20:20 às 22:10,Edna Telma Fonseca e Silva Vilar
,,196.0,15.0,,,Edna Telma Fonseca e Silva Vilar
,,113.0,3.0,,,Edna Telma Fonseca e Silva Vilar
,,183.0,4.0,,,Edna Telma Fonseca e Silva Vilar
,40400.0,402.0,6.0,SEX,08:50 às 10:40,Rejane de Oliveira Alves
,,401.0,10.0,,,Rejane de Oliveira Alves
,,327.0,2.0,,,Rejane de Oliveira Alves
,,196.0,5.0,,,Rejane de Oliveira Alves
,,108.0,10.0,,,Rejane de Oliveira Alves
,,111.0,2.0,,,Rejane de Oliveira Alves
,,113.0,5.0,,,Rejane de Oliveira Alves
,,401.0,10.0,,10:40 às 12:30,Rejane de Oliveira Alves
,,402.0,6.0,,,Rejane de Oliveira Alves
,,196.0,5.0,,,Rejane de Oliveira Alves
,,327.0,2.0,,,Rejane de Oliveira Alves
,,108.0,10.0,,,Rejane de Oliveira Alves
,,113.0,5.0,,,Rejane de Oliveira Alves
,,111.0,2.0,,,Rejane de Oliveira Alves
,,,,,,
,,,,,,
,,,,,,
,,,,,,
,,,,,,
EDC287 - EDUCAÇÃO E TECNOLOGIAS CONTEMPORÂNEAS,10100.0,401.0,1.0,SEG,18:30 às 20:20,Salete de Fatima Noro Cordeiro
,,385.0,12.0,,,Salete de Fatima Noro Cordeiro
,,196.0,2.0,,,Salete de Fatima Noro Cordeiro
,,387.0,5.0,,,Salete de Fatima Noro Cordeiro
,,,,,20:20 às 22:10,Salete de Fatima Noro Cordeiro
,,385.0,12.0,,,Salete de Fatima Noro Cordeiro
,,401.0,1.0,,,Salete de Fatima Noro Cordeiro
,,196.0,2.0,,,Salete de Fatima Noro Cordeiro
,20200.0,480.0,1.0,TER,08:50 às 10:40,Menandro Celso de Castro Ramos
,,327.0,5.0,,,Menandro Celso de Castro Ramos
,,401.0,2.0,,,Menandro Celso de Castro Ramos
,,196.0,1.0,,,Menandro Celso de Castro Ramos
,,312.0,10.0,,,Menandro Celso de Castro Ramos
,,190.0,1.0,,,Menandro Celso de Castro Ramos
,,401.0,2.0,,10:40 às 12:30,Menandro Celso de Castro Ramos
,,327.0,5.0,,,Menandro Celso de Castro Ramos
,,312.0,10.0,,,Menandro Celso de Castro Ramos
,,190.0,1.0,,,Menandro Celso de Castro Ramos
,,196.0,1.0,,,Menandro Celso de Castro Ramos
,,480.0,1.0,,,Menandro Celso de Castro Ramos
,30300.0,385.0,2.0,TER,18:30 às 20:20,Salete de Fatima Noro Cordeiro
,,327.0,5.0,,,Salete de Fatima Noro Cordeiro
,,387.0,5.0,,,Salete de Fatima Noro Cordeiro
,,196.0,8.0,,,Salete de Fatima Noro Cordeiro
,,387.0,5.0,,20:20 às 22:10,Salete de Fatima Noro Cordeiro
,,385.0,2.0,,,Salete de Fatima Noro Cordeiro
,,327.0,5.0,,,Salete de Fatima Noro Cordeiro
,,196.0,8.0,,,Salete de Fatima Noro Cordeiro
,40400.0,481.0,10.0,QUA,08:50 às 10:40,Edvaldo Souza Couto
,,401.0,5.0,,,Edvaldo Souza Couto
,,196.0,5.0,,,Edvaldo Souza Couto
,,481.0,10.0,,10:40 às 12:30,Edvaldo Souza Couto
,,401.0,5.0,,,Edvaldo Souza Couto
,,196.0,5.0,,,Edvaldo Souza Couto
,50500.0,401.0,2.0,QUA,13:55 às 15:45,Maria Helena Silveira Bonilla
,,480.0,1.0,,,Maria Helena Silveira Bonilla
,,327.0,5.0,,,Maria Helena Silveira Bonilla
,,312.0,3.0,,,Maria Helena Silveira Bonilla
,,210.0,5.0,,,Maria Helena Silveira Bonilla
,,196.0,2.0,,,Maria Helena Silveira Bonilla
,,385.0,2.0,,,Maria Helena Silveira Bonilla
,,401.0,2.0,,15:45 às 17:35,Maria Helena Silveira Bonilla
,,480.0,1.0,,,Maria Helena Silveira Bonilla
,,385.0,2.0,,,Maria Helena Silveira Bonilla
,,312.0,3.0,,,Maria Helena Silveira Bonilla
,,327.0,5.0,,,Maria Helena Silveira Bonilla
,,196.0,2.0,,,Maria Helena Silveira Bonilla
,,210.0,5.0,,,Maria Helena Silveira Bonilla
,60600.0,401.0,4.0,QUA,18:30 às 20:20,Salete de Fatima Noro Cordeiro
,,480.0,11.0,,,Salete de Fatima Noro Cordeiro
,,387.0,5.0,,,Salete de Fatima Noro Cordeiro
,,401.0,4.0,,20:20 às 22:10,Salete de Fatima Noro Cordeiro
,,480.0,11.0,,,Salete de Fatima Noro Cordeiro
,,387.0,5.0,,,Salete de Fatima Noro Cordeiro
,,,,,,
,,,,,,
,,,,,,
,,,,,,
,,,,,,
EDC289 - PESQUISA EM EDUCACAO,10100.0,312.0,15.0,QUA,08:50 às 10:40,Selma Cristina Silva de Jesus
,,,,,10:40 às 12:30,Thais Seltzer Goldstein
,20200.0,387.0,5.0,SEG,18:30 às 20:20,Marcia de Fatima Rabello Lovisi De Freit
,,385.0,10.0,,,Marcia de Fatima Rabello Lovisi De Freit
,,387.0,5.0,,20:20 às 22:10,Kelly Ludkiewicz Alves
,,385.0,10.0,,,Kelly Ludkiewicz Alves
,30300.0,312.0,15.0,QUA,08:50 às 10:40,Thais Seltzer Goldstein
,,,,,10:40 às 12:30,Selma Cristina Silva de Jesus
,40400.0,385.0,10.0,SEG,18:30 às 20:20,Kelly Ludkiewicz Alves
,,387.0,5.0,,,Kelly Ludkiewicz Alves
,,385.0,10.0,,20:20 às 22:10,Marcia de Fatima Rabello Lovisi De Freit
,,387.0,5.0,,,Marcia de Fatima Rabello Lovisi De Freit
,,,,,,
,,,,,,
,,,,,,
,,,,,,
,,,,,,
EDC290 - EDUCACAO INFANTIL,10100.0,503.0,4.0,QUA,18:30 às 20:20,Silvanne Ribeiro Santos
,,481.0,10.0,,,Silvanne Ribeiro Santos
,,387.0,16.0,,,Silvanne Ribeiro Santos
,,385.0,8.0,,,Silvanne Ribeiro Santos
,,327.0,1.0,,,Silvanne Ribeiro Santos
,,189.0,1.0,,,Silvanne Ribeiro Santos
,,503.0,4.0,,20:20 às 22:10,Silvanne Ribeiro Santos
,,481.0,10.0,,,Silvanne Ribeiro Santos
,,387.0,16.0,,,Silvanne Ribeiro Santos
,,385.0,8.0,,,Silvanne Ribeiro Santos
,,327.0,1.0,,,Silvanne Ribeiro Santos
,,189.0,1.0,,,Silvanne Ribeiro Santos
,20200.0,401.0,10.0,SEX,07:00 às 08:50,Silvanne Ribeiro Santos
,,312.0,30.0,,,Silvanne Ribeiro Santos
,,401.0,10.0,,08:50 às 10:40,Silvanne Ribeiro Santos
,,312.0,30.0,,,Silvanne Ribeiro Santos
,,,,,,
,,,,,,
,,,,,,
,,,,,,
,,,,,,
EDC291 - EDUCACAO DE JOVENS E ADULTOS,10100.0,481.0,5.0,SEG,18:30 às 20:20,Sandra Maria Marinho Siqueira
,,480.0,11.0,,,Sandra Maria Marinho Siqueira
,,181.0,5.0,,,Sandra Maria Marinho Siqueira
,,387.0,5.0,,,Sandra Maria Marinho Siqueira
,,286.0,5.0,,,Sandra Maria Marinho Siqueira
,,385.0,9.0,,,Sandra Maria Marinho Siqueira
,,481.0,5.0,,20:20 às 22:10,Sandra Maria Marinho Siqueira
,,385.0,9.0,,,Sandra Maria Marinho Siqueira
,,387.0,5.0,,,Sandra Maria Marinho Siqueira
,,286.0,5.0,,,Sandra Maria Marinho Siqueira
,,181.0,5.0,,,Sandra Maria Marinho Siqueira
,,480.0,11.0,,,Sandra Maria Marinho Siqueira
,20200.0,401.0,7.0,QUA,07:00 às 08:50,Sandra Maria Marinho Siqueira
,,310.0,7.0,,,Sandra Maria Marinho Siqueira
,,312.0,19.0,,,Sandra Maria Marinho Siqueira
,,108.0,7.0,,,Sandra Maria Marinho Siqueira
,,401.0,7.0,,08:50 às 10:40,Sandra Maria Marinho Siqueira
,,312.0,19.0,,,Sandra Maria Marinho Siqueira
,,108.0,7.0,,,Sandra Maria Marinho Siqueira
,,310.0,7.0,,,Sandra Maria Marinho Siqueira
,,,,,,
,,,,,,
,,,,,,
,,,,,,
,,,,,,
EDC302 - METODOLOGIA DO ENSINO DE LINGUA PORTUGUESA,10100.0,312.0,30.0,SEG,08:50 às 10:40,Docente Substituto a Contratar
,,,,,10:40 às 12:30,Docente Substituto a Contratar
,20200.0,387.0,5.0,QUI,18:30 às 20:20,Giselly Lima de Moraes
,,385.0,30.0,,,Giselly Lima de Moraes
,,387.0,5.0,,20:20 às 22:10,Giselly Lima de Moraes
,,385.0,30.0,,,Giselly Lima de Moraes
,,,,,,
,,,,,,
,,,,,,
,,,,,,
,,,,,,
EDC304 - ARTE-EDUCAÇÃO,10100.0,580.0,1.0,TER,08:50 às 10:40,Rilmar Lopes da Silva
,,515.0,1.0,,,Rilmar Lopes da Silva
,,481.0,3.0,,,Rilmar Lopes da Silva
,,387.0,1.0,,,Rilmar Lopes da Silva
,,401.0,4.0,,,Rilmar Lopes da Silva
,,480.0,3.0,,,Rilmar Lopes da Silva
,,312.0,16.0,,,Rilmar Lopes da Silva
,,226.0,1.0,,,Rilmar Lopes da Silva
,,481.0,3.0,,10:40 às 12:30,Rilmar Lopes da Silva
,,580.0,1.0,,,Rilmar Lopes da Silva
,,480.0,3.0,,,Rilmar Lopes da Silva
,,401.0,4.0,,,Rilmar Lopes da Silva
,,387.0,1.0,,,Rilmar Lopes da Silva
,,515.0,1.0,,,Rilmar Lopes da Silva
,,312.0,16.0,,,Rilmar Lopes da Silva
,,226.0,1.0,,,Rilmar Lopes da Silva
,20200.0,481.0,4.0,TER,18:30 às 20:20,Rilmar Lopes da Silva
,,480.0,4.0,,,Rilmar Lopes da Silva
,,515.0,1.0,,,Rilmar Lopes da Silva
,,387.0,1.0,,,Rilmar Lopes da Silva
,,401.0,3.0,,,Rilmar Lopes da Silva
,,327.0,1.0,,,Rilmar Lopes da Silva
,,226.0,1.0,,,Rilmar Lopes da Silva
,,385.0,15.0,,,Rilmar Lopes da Silva
,,481.0,4.0,,20:20 às 22:10,Rilmar Lopes da Silva
,,515.0,1.0,,,Rilmar Lopes da Silva
,,401.0,3.0,,,Rilmar Lopes da Silva
,,480.0,4.0,,,Rilmar Lopes da Silva
,,387.0,1.0,,,Rilmar Lopes da Silva
,,385.0,15.0,,,Rilmar Lopes da Silva
,,327.0,1.0,,,Rilmar Lopes da Silva
,,226.0,1.0,,,Rilmar Lopes da Silva
,,,,,,
,,,,,,
,,,,,,
,,,,,,
,,,,,,
EDC308 - TEE - METODOLOGIA E PRÁTICA DE ALFABETIZAÇÃO PARA A INFÂNCIA,10100.0,481.0,10.0,QUA,18:30 às 20:20,Ana Katia Alves dos Santos
,,401.0,9.0,,,Ana Katia Alves dos Santos
,,387.0,1.0,,,Ana Katia Alves dos Santos
,,385.0,8.0,,,Ana Katia Alves dos Santos
,,312.0,18.0,,,Ana Katia Alves dos Santos
,,481.0,10.0,,20:20 às 22:10,Ana Katia Alves dos Santos
,,401.0,9.0,,,Ana Katia Alves dos Santos
,,387.0,1.0,,,Ana Katia Alves dos Santos
,,385.0,8.0,,,Ana Katia Alves dos Santos
,,312.0,18.0,,,Ana Katia Alves dos Santos
,,,,,,
,,,,,,
,,,,,,
,,,,,,
,,,,,,
EDC314 - METODOLOGIA DO ENSINO DE CIÊNCIAS NATURAIS,10100.0,312.0,40.0,QUA,08:50 às 10:40,Izaura Santiago da Cruz
,,,,,10:40 às 12:30,Izaura Santiago da Cruz
,20200.0,387.0,6.0,QUA,18:30 às 20:20,Docente Substituto a Contratar
,,385.0,26.0,,,Docente Substituto a Contratar
,,312.0,8.0,,,Docente Substituto a Contratar
,,385.0,26.0,,20:20 às 22:10,Docente Substituto a Contratar
,,387.0,6.0,,,Docente Substituto a Contratar
,,312.0,8.0,,,Docente Substituto a Contratar
,,,,,,
,,,,,,
,,,,,,
,,,,,,
,,,,,,
EDC321 - TEE - POLÊMICAS CONTEMPORÂNEAS,10100.0,301.0,10.0,SEG,18:30 às 20:20,Nelson de Luca Pretto
,,281.0,10.0,,,Nelson de Luca Pretto
,,286.0,25.0,,,Nelson de Luca Pretto
,,226.0,10.0,,,Nelson de Luca Pretto
,,222.0,10.0,,,Nelson de Luca Pretto
,,210.0,10.0,,,Nelson de Luca Pretto
,,208.0,10.0,,,Nelson de Luca Pretto
,,207.0,10.0,,,Nelson de Luca Pretto
,,206.0,10.0,,,Nelson de Luca Pretto
,,204.0,10.0,,,Nelson de Luca Pretto
,,219.0,10.0,,,Nelson de Luca Pretto
,,203.0,10.0,,,Nelson de Luca Pretto
,,202.0,10.0,,,Nelson de Luca Pretto
,,196.0,5.0,,,Nelson de Luca Pretto
,,190.0,4.0,,,Nelson de Luca Pretto
,,189.0,4.0,,,Nelson de Luca Pretto
,,184.0,10.0,,,Nelson de Luca Pretto
,,183.0,10.0,,,Nelson de Luca Pretto
,,182.0,10.0,,,Nelson de Luca Pretto
,,181.0,10.0,,,Nelson de Luca Pretto
,,119.0,10.0,,,Nelson de Luca Pretto
,,197.0,10.0,,,Nelson de Luca Pretto
,,118.0,10.0,,,Nelson de Luca Pretto
,,116.0,10.0,,,Nelson de Luca Pretto
,,113.0,10.0,,,Nelson de Luca Pretto
,,205.0,10.0,,,Nelson de Luca Pretto
,,112.0,10.0,,,Nelson de Luca Pretto
,,185.0,10.0,,,Nelson de Luca Pretto
,,111.0,10.0,,,Nelson de Luca Pretto
,,209.0,10.0,,,Nelson de Luca Pretto
,,110.0,10.0,,,Nelson de Luca Pretto
,,106.0,10.0,,,Nelson de Luca Pretto
,,102.0,10.0,,,Nelson de Luca Pretto
,,101.0,10.0,,,Nelson de Luca Pretto
,,108.0,10.0,,,Nelson de Luca Pretto
,,308.0,10.0,,,Nelson de Luca Pretto
,,107.0,10.0,,,Nelson de Luca Pretto
,,109.0,10.0,,,Nelson de Luca Pretto
,,104.0,10.0,,,Nelson de Luca Pretto
,,580.0,50.0,,,Nelson de Luca Pretto
,,515.0,10.0,,,Nelson de Luca Pretto
,,508.0,10.0,,,Nelson de Luca Pretto
,,503.0,10.0,,,Nelson de Luca Pretto
,,502.0,10.0,,,Nelson de Luca Pretto
,,501.0,10.0,,,Nelson de Luca Pretto
,,481.0,10.0,,,Nelson de Luca Pretto
,,480.0,10.0,,,Nelson de Luca Pretto
,,387.0,17.0,,,Nelson de Luca Pretto
,,386.0,10.0,,,Nelson de Luca Pretto
,,385.0,10.0,,,Nelson de Luca Pretto
,,384.0,10.0,,,Nelson de Luca Pretto
,,382.0,10.0,,,Nelson de Luca Pretto
,,381.0,10.0,,,Nelson de Luca Pretto
,,380.0,10.0,,,Nelson de Luca Pretto
,,327.0,10.0,,,Nelson de Luca Pretto
,,325.0,10.0,,,Nelson de Luca Pretto
,,317.0,10.0,,,Nelson de Luca Pretto
,,315.0,10.0,,,Nelson de Luca Pretto
,,314.0,10.0,,,Nelson de Luca Pretto
,,313.0,10.0,,,Nelson de Luca Pretto
,,312.0,10.0,,,Nelson de Luca Pretto
,,581.0,10.0,,,Nelson de Luca Pretto
,,311.0,10.0,,,Nelson de Luca Pretto
,,581.0,10.0,,20:20 às 22:10,Nelson de Luca Pretto
,,580.0,50.0,,,Nelson de Luca Pretto
,,515.0,10.0,,,Nelson de Luca Pretto
,,508.0,10.0,,,Nelson de Luca Pretto
,,503.0,10.0,,,Nelson de Luca Pretto
,,502.0,10.0,,,Nelson de Luca Pretto
,,501.0,10.0,,,Nelson de Luca Pretto
,,480.0,10.0,,,Nelson de Luca Pretto
,,387.0,17.0,,,Nelson de Luca Pretto
,,386.0,10.0,,,Nelson de Luca Pretto
,,384.0,10.0,,,Nelson de Luca Pretto
,,382.0,10.0,,,Nelson de Luca Pretto
,,381.0,10.0,,,Nelson de Luca Pretto
,,327.0,10.0,,,Nelson de Luca Pretto
,,325.0,10.0,,,Nelson de Luca Pretto
,,317.0,10.0,,,Nelson de Luca Pretto
,,315.0,10.0,,,Nelson de Luca Pretto
,,314.0,10.0,,,Nelson de Luca Pretto
,,313.0,10.0,,,Nelson de Luca Pretto
,,312.0,10.0,,,Nelson de Luca Pretto
,,308.0,10.0,,,Nelson de Luca Pretto
,,301.0,10.0,,,Nelson de Luca Pretto
,,286.0,25.0,,,Nelson de Luca Pretto
,,226.0,10.0,,,Nelson de Luca Pretto
,,222.0,10.0,,,Nelson de Luca Pretto
,,219.0,10.0,,,Nelson de Luca Pretto
,,210.0,10.0,,,Nelson de Luca Pretto
,,209.0,10.0,,,Nelson de Luca Pretto
,,208.0,10.0,,,Nelson de Luca Pretto
,,207.0,10.0,,,Nelson de Luca Pretto
,,206.0,10.0,,,Nelson de Luca Pretto
,,205.0,10.0,,,Nelson de Luca Pretto
,,204.0,10.0,,,Nelson de Luca Pretto
,,203.0,10.0,,,Nelson de Luca Pretto
,,281.0,10.0,,,Nelson de Luca Pretto
,,202.0,10.0,,,Nelson de Luca Pretto
,,197.0,10.0,,,Nelson de Luca Pretto
,,196.0,5.0,,,Nelson de Luca Pretto
,,311.0,10.0,,,Nelson de Luca Pretto
,,190.0,4.0,,,Nelson de Luca Pretto
,,189.0,4.0,,,Nelson de Luca Pretto
,,185.0,10.0,,,Nelson de Luca Pretto
,,184.0,10.0,,,Nelson de Luca Pretto
,,183.0,10.0,,,Nelson de Luca Pretto
,,181.0,10.0,,,Nelson de Luca Pretto
,,182.0,10.0,,,Nelson de Luca Pretto
,,380.0,10.0,,,Nelson de Luca Pretto
,,119.0,10.0,,,Nelson de Luca Pretto
,,118.0,10.0,,,Nelson de Luca Pretto
,,116.0,10.0,,,Nelson de Luca Pretto
,,385.0,10.0,,,Nelson de Luca Pretto
,,113.0,10.0,,,Nelson de Luca Pretto
,,112.0,10.0,,,Nelson de Luca Pretto
,,111.0,10.0,,,Nelson de Luca Pretto
,,481.0,10.0,,,Nelson de Luca Pretto
,,110.0,10.0,,,Nelson de Luca Pretto
,,109.0,10.0,,,Nelson de Luca Pretto
,,108.0,10.0,,,Nelson de Luca Pretto
,,107.0,10.0,,,Nelson de Luca Pretto
,,106.0,10.0,,,Nelson de Luca Pretto
,,104.0,10.0,,,Nelson de Luca Pretto
,,102.0,10.0,,,Nelson de Luca Pretto
,,101.0,10.0,,,Nelson de Luca Pretto
,,,,,,
,,,,,,
,,,,,,
,,,,,,
,,,,,,
"EDC328 - TEE - DIVERSIDADE, DIFERENÇA E DIREITO",10100.0,515.0,2.0,QUA,08:50 às 10:40,Ana Luiza Pinheiro Flauzina
,,387.0,3.0,,,Ana Luiza Pinheiro Flauzina
,,327.0,3.0,,,Ana Luiza Pinheiro Flauzina
,,312.0,28.0,,,Ana Luiza Pinheiro Flauzina
,,226.0,2.0,,,Ana Luiza Pinheiro Flauzina
,,189.0,1.0,,,Ana Luiza Pinheiro Flauzina
,,111.0,6.0,,,Ana Luiza Pinheiro Flauzina
,,515.0,2.0,,10:40 às 12:30,Ana Luiza Pinheiro Flauzina
,,387.0,3.0,,,Ana Luiza Pinheiro Flauzina
,,327.0,3.0,,,Ana Luiza Pinheiro Flauzina
,,312.0,28.0,,,Ana Luiza Pinheiro Flauzina
,,226.0,2.0,,,Ana Luiza Pinheiro Flauzina
,,189.0,1.0,,,Ana Luiza Pinheiro Flauzina
,,111.0,6.0,,,Ana Luiza Pinheiro Flauzina
,20200.0,580.0,2.0,QUA,18:30 às 20:20,Ana Luiza Pinheiro Flauzina
,,506.0,5.0,,,Ana Luiza Pinheiro Flauzina
,,387.0,3.0,,,Ana Luiza Pinheiro Flauzina
,,385.0,22.0,,,Ana Luiza Pinheiro Flauzina
,,327.0,5.0,,,Ana Luiza Pinheiro Flauzina
,,286.0,3.0,,,Ana Luiza Pinheiro Flauzina
,,184.0,5.0,,,Ana Luiza Pinheiro Flauzina
,,580.0,2.0,,20:20 às 22:10,Ana Luiza Pinheiro Flauzina
,,506.0,5.0,,,Ana Luiza Pinheiro Flauzina
,,387.0,3.0,,,Ana Luiza Pinheiro Flauzina
,,385.0,22.0,,,Ana Luiza Pinheiro Flauzina
,,327.0,5.0,,,Ana Luiza Pinheiro Flauzina
,,286.0,3.0,,,Ana Luiza Pinheiro Flauzina
,,184.0,5.0,,,Ana Luiza Pinheiro Flauzina
,,,,,,
,,,,,,
,,,,,,
,,,,,,
,,,,,,
EDC456 - ACC: AÇÃO INTERDISCIPLINAR EM ÁREAS DE REFORMA AGRÁRIA,100.0,327.0,1.0,SEG,17:35 às 18:30,Celi Nelza Zulke Taffarel
,,325.0,1.0,,,Celi Nelza Zulke Taffarel
,,315.0,1.0,,,Celi Nelza Zulke Taffarel
,,312.0,1.0,,,Celi Nelza Zulke Taffarel
,,310.0,1.0,,,Celi Nelza Zulke Taffarel
,,308.0,1.0,,,Celi Nelza Zulke Taffarel
,,226.0,1.0,,,Celi Nelza Zulke Taffarel
,,209.0,1.0,,,Celi Nelza Zulke Taffarel
,,202.0,1.0,,,Celi Nelza Zulke Taffarel
,,109.0,1.0,,,Celi Nelza Zulke Taffarel
,,327.0,1.0,,18:30 às 21:15,Celi Nelza Zulke Taffarel
,,325.0,1.0,,,Celi Nelza Zulke Taffarel
,,315.0,1.0,,,Celi Nelza Zulke Taffarel
,,312.0,1.0,,,Celi Nelza Zulke Taffarel
,,310.0,1.0,,,Celi Nelza Zulke Taffarel
,,308.0,1.0,,,Celi Nelza Zulke Taffarel
,,226.0,1.0,,,Celi Nelza Zulke Taffarel
,,209.0,1.0,,,Celi Nelza Zulke Taffarel
,,202.0,1.0,,,Celi Nelza Zulke Taffarel
,,109.0,1.0,,,Celi Nelza Zulke Taffarel
,,,,,,
,,,,,,
,,,,,,
,,,,,,
,,,,,,
EDCA01 - FUNDAMENTOS PSICOLÓGICOS DA EDUCAÇÃO,10100.0,503.0,5.0,SEG,08:50 às 10:40,Docente Substituto a Contratar
,,327.0,5.0,,,Docente Substituto a Contratar
,,309.0,5.0,,,Docente Substituto a Contratar
,,306.0,15.0,,,Docente Substituto a Contratar
,,190.0,1.0,,,Docente Substituto a Contratar
,,113.0,10.0,,,Docente Substituto a Contratar
,,503.0,5.0,,10:40 às 12:30,Docente Substituto a Contratar
,,327.0,5.0,,,Docente Substituto a Contratar
,,309.0,5.0,,,Docente Substituto a Contratar
,,306.0,15.0,,,Docente Substituto a Contratar
,,190.0,1.0,,,Docente Substituto a Contratar
,,113.0,10.0,,,Docente Substituto a Contratar
,20200.0,505.0,5.0,TER,13:00 às 14:50,Docente Substituto a Contratar
,,503.0,4.0,,,Docente Substituto a Contratar
,,310.0,20.0,,,Docente Substituto a Contratar
,,109.0,11.0,,,Docente Substituto a Contratar
,,505.0,5.0,,14:50 às 16:40,Docente Substituto a Contratar
,,503.0,4.0,,,Docente Substituto a Contratar
,,310.0,20.0,,,Docente Substituto a Contratar
,,109.0,11.0,,,Docente Substituto a Contratar
,30300.0,507.0,2.0,SEG,18:30 às 20:20,Docente Substituto a Contratar
,,505.0,5.0,,,Docente Substituto a Contratar
,,387.0,2.0,,,Docente Substituto a Contratar
,,306.0,10.0,,,Docente Substituto a Contratar
,,286.0,1.0,,,Docente Substituto a Contratar
,,280.0,20.0,,,Docente Substituto a Contratar
,,507.0,2.0,,20:20 às 22:10,Docente Substituto a Contratar
,,505.0,5.0,,,Docente Substituto a Contratar
,,387.0,2.0,,,Docente Substituto a Contratar
,,306.0,10.0,,,Docente Substituto a Contratar
,,286.0,1.0,,,Docente Substituto a Contratar
,,280.0,20.0,,,Docente Substituto a Contratar
,40400.0,509.0,2.0,TER,07:00 às 08:50,Felix Marcial Diaz Rodriguez
,,503.0,3.0,,,Felix Marcial Diaz Rodriguez
,,310.0,25.0,,,Felix Marcial Diaz Rodriguez
,,209.0,3.0,,,Felix Marcial Diaz Rodriguez
,,113.0,9.0,,,Felix Marcial Diaz Rodriguez
,,509.0,2.0,,08:50 às 10:40,Felix Marcial Diaz Rodriguez
,,503.0,3.0,,,Felix Marcial Diaz Rodriguez
,,310.0,25.0,,,Felix Marcial Diaz Rodriguez
,,209.0,3.0,,,Felix Marcial Diaz Rodriguez
,,113.0,9.0,,,Felix Marcial Diaz Rodriguez
,50500.0,515.0,1.0,TER,13:00 às 14:50,Angelina Pandita Pereira
,,507.0,7.0,,,Angelina Pandita Pereira
,,505.0,5.0,,,Angelina Pandita Pereira
,,113.0,15.0,,,Angelina Pandita Pereira
,,111.0,5.0,,,Angelina Pandita Pereira
,,109.0,7.0,,,Angelina Pandita Pereira
,,515.0,1.0,,14:50 às 16:40,Angelina Pandita Pereira
,,507.0,7.0,,,Angelina Pandita Pereira
,,505.0,5.0,,,Angelina Pandita Pereira
,,113.0,15.0,,,Angelina Pandita Pereira
,,111.0,5.0,,,Angelina Pandita Pereira
,,109.0,7.0,,,Angelina Pandita Pereira
,60600.0,580.0,2.0,TER,18:30 às 20:20,Thais Seltzer Goldstein
,,386.0,21.0,,,Thais Seltzer Goldstein
,,309.0,4.0,,,Thais Seltzer Goldstein
,,306.0,5.0,,,Thais Seltzer Goldstein
,,184.0,5.0,,,Thais Seltzer Goldstein
,,183.0,3.0,,,Thais Seltzer Goldstein
,,580.0,2.0,,20:20 às 22:10,Thais Seltzer Goldstein
,,386.0,21.0,,,Thais Seltzer Goldstein
,,309.0,4.0,,,Thais Seltzer Goldstein
,,306.0,5.0,,,Thais Seltzer Goldstein
,,184.0,5.0,,,Thais Seltzer Goldstein
,,183.0,3.0,,,Thais Seltzer Goldstein
,70700.0,507.0,7.0,QUA,08:50 às 10:40,Docente Substituto a Contratar
,,401.0,2.0,,,Docente Substituto a Contratar
,,327.0,3.0,,,Docente Substituto a Contratar
,,315.0,7.0,,,Docente Substituto a Contratar
,,306.0,15.0,,,Docente Substituto a Contratar
,,226.0,3.0,,,Docente Substituto a Contratar
,,111.0,5.0,,,Docente Substituto a Contratar
,,507.0,7.0,,10:40 às 12:30,Docente Substituto a Contratar
,,401.0,2.0,,,Docente Substituto a Contratar
,,327.0,3.0,,,Docente Substituto a Contratar
,,315.0,7.0,,,Docente Substituto a Contratar
,,306.0,15.0,,,Docente Substituto a Contratar
,,226.0,3.0,,,Docente Substituto a Contratar
,,111.0,5.0,,,Docente Substituto a Contratar
,80800.0,515.0,1.0,QUA,13:00 às 14:50,Angelina Pandita Pereira
,,503.0,5.0,,,Angelina Pandita Pereira
,,402.0,5.0,,,Angelina Pandita Pereira
,,401.0,8.0,,,Angelina Pandita Pereira
,,309.0,3.0,,,Angelina Pandita Pereira
,,226.0,1.0,,,Angelina Pandita Pereira
,,210.0,2.0,,,Angelina Pandita Pereira
,,202.0,13.0,,,Angelina Pandita Pereira
,,109.0,2.0,,,Angelina Pandita Pereira
,,515.0,1.0,,14:50 às 16:40,Angelina Pandita Pereira
,,503.0,5.0,,,Angelina Pandita Pereira
,,402.0,5.0,,,Angelina Pandita Pereira
,,401.0,8.0,,,Angelina Pandita Pereira
,,309.0,3.0,,,Angelina Pandita Pereira
,,226.0,1.0,,,Angelina Pandita Pereira
,,210.0,2.0,,,Angelina Pandita Pereira
,,202.0,13.0,,,Angelina Pandita Pereira
,,109.0,2.0,,,Angelina Pandita Pereira
,90900.0,503.0,3.0,QUI,07:00 às 08:50,Felix Marcial Diaz Rodriguez
,,310.0,25.0,,,Felix Marcial Diaz Rodriguez
,,306.0,6.0,,,Felix Marcial Diaz Rodriguez
,,202.0,5.0,,,Felix Marcial Diaz Rodriguez
,,111.0,3.0,,,Felix Marcial Diaz Rodriguez
,,503.0,3.0,,08:50 às 10:40,Felix Marcial Diaz Rodriguez
,,310.0,25.0,,,Felix Marcial Diaz Rodriguez
,,306.0,6.0,,,Felix Marcial Diaz Rodriguez
,,202.0,5.0,,,Felix Marcial Diaz Rodriguez
,,111.0,3.0,,,Felix Marcial Diaz Rodriguez
,101000.0,580.0,2.0,TER,18:30 às 20:20,Docente Substituto a Contratar
,,481.0,10.0,,,Docente Substituto a Contratar
,,386.0,10.0,,,Docente Substituto a Contratar
,,309.0,6.0,,,Docente Substituto a Contratar
,,189.0,1.0,,,Docente Substituto a Contratar
,,184.0,13.0,,,Docente Substituto a Contratar
,,580.0,2.0,,20:20 às 22:10,Docente Substituto a Contratar
,,481.0,10.0,,,Docente Substituto a Contratar
,,386.0,10.0,,,Docente Substituto a Contratar
,,309.0,6.0,,,Docente Substituto a Contratar
,,189.0,1.0,,,Docente Substituto a Contratar
,,184.0,13.0,,,Docente Substituto a Contratar
,111100.0,581.0,10.0,QUI,18:30 às 20:20,Docente Substituto a Contratar
,,387.0,3.0,,,Docente Substituto a Contratar
,,383.0,2.0,,,Docente Substituto a Contratar
,,286.0,1.0,,,Docente Substituto a Contratar
,,196.0,3.0,,,Docente Substituto a Contratar
,,183.0,8.0,,,Docente Substituto a Contratar
,,181.0,13.0,,,Docente Substituto a Contratar
,,581.0,10.0,,20:20 às 22:10,Docente Substituto a Contratar
,,387.0,3.0,,,Docente Substituto a Contratar
,,383.0,2.0,,,Docente Substituto a Contratar
,,286.0,1.0,,,Docente Substituto a Contratar
,,196.0,3.0,,,Docente Substituto a Contratar
,,183.0,8.0,,,Docente Substituto a Contratar
,,181.0,13.0,,,Docente Substituto a Contratar
,121200.0,183.0,40.0,QUI,18:30 às 20:20,Marcia de Fatima Rabello Lovisi De Freit
,,,,,20:20 às 22:10,Marcia de Fatima Rabello Lovisi De Freit
,131300.0,515.0,5.0,SEX,08:50 às 10:40,Marcia de Fatima Rabello Lovisi De Freit
,,327.0,9.0,,,Marcia de Fatima Rabello Lovisi De Freit
,,309.0,10.0,,,Marcia de Fatima Rabello Lovisi De Freit
,,226.0,6.0,,,Marcia de Fatima Rabello Lovisi De Freit
,,202.0,10.0,,,Marcia de Fatima Rabello Lovisi De Freit
,,515.0,5.0,,10:40 às 12:30,Marcia de Fatima Rabello Lovisi De Freit
,,327.0,9.0,,,Marcia de Fatima Rabello Lovisi De Freit
,,309.0,10.0,,,Marcia de Fatima Rabello Lovisi De Freit
,,226.0,6.0,,,Marcia de Fatima Rabello Lovisi De Freit
,,202.0,10.0,,,Marcia de Fatima Rabello Lovisi De Freit
,141400.0,580.0,3.0,SEX,18:30 às 20:20,Docente Substituto a Contratar
,,480.0,10.0,,,Docente Substituto a Contratar
,,387.0,4.0,,,Docente Substituto a Contratar
,,286.0,3.0,,,Docente Substituto a Contratar
,,196.0,20.0,,,Docente Substituto a Contratar
,,580.0,3.0,,20:20 às 22:10,Docente Substituto a Contratar
,,480.0,10.0,,,Docente Substituto a Contratar
,,387.0,4.0,,,Docente Substituto a Contratar
,,286.0,3.0,,,Docente Substituto a Contratar
,,196.0,20.0,,,Docente Substituto a Contratar
,,,,,,
,,,,,,
,,,,,,
,,,,,,
,,,,,,
EDCA02 - ORGANIZAÇÃO DA EDUCAÇÃO BRASILEIRA II,10100.0,515.0,4.0,SEG,07:00 às 08:50,Docente Substituto a Contratar
,,509.0,1.0,,,Docente Substituto a Contratar
,,503.0,6.0,,,Docente Substituto a Contratar
,,480.0,5.0,,,Docente Substituto a Contratar
,,401.0,5.0,,,Docente Substituto a Contratar
,,386.0,5.0,,,Docente Substituto a Contratar
,,309.0,5.0,,,Docente Substituto a Contratar
,,306.0,9.0,,,Docente Substituto a Contratar
,,226.0,3.0,,,Docente Substituto a Contratar
,,515.0,4.0,,08:50 às 10:40,Docente Substituto a Contratar
,,509.0,1.0,,,Docente Substituto a Contratar
,,503.0,6.0,,,Docente Substituto a Contratar
,,480.0,5.0,,,Docente Substituto a Contratar
,,401.0,5.0,,,Docente Substituto a Contratar
,,386.0,5.0,,,Docente Substituto a Contratar
,,309.0,5.0,,,Docente Substituto a Contratar
,,306.0,9.0,,,Docente Substituto a Contratar
,,226.0,3.0,,,Docente Substituto a Contratar
,20200.0,581.0,5.0,SEG,18:30 às 20:20,Rodrigo da Silva Pereira
,,580.0,1.0,,,Rodrigo da Silva Pereira
,,505.0,3.0,,,Rodrigo da Silva Pereira
,,387.0,2.0,,,Rodrigo da Silva Pereira
,,386.0,11.0,,,Rodrigo da Silva Pereira
,,286.0,2.0,,,Rodrigo da Silva Pereira
,,280.0,7.0,,,Rodrigo da Silva Pereira
,,189.0,1.0,,,Rodrigo da Silva Pereira
,,183.0,5.0,,,Rodrigo da Silva Pereira
,,182.0,5.0,,,Rodrigo da Silva Pereira
,,581.0,5.0,,20:20 às 22:10,Rodrigo da Silva Pereira
,,580.0,1.0,,,Rodrigo da Silva Pereira
,,505.0,3.0,,,Rodrigo da Silva Pereira
,,387.0,2.0,,,Rodrigo da Silva Pereira
,,386.0,11.0,,,Rodrigo da Silva Pereira
,,286.0,2.0,,,Rodrigo da Silva Pereira
,,280.0,7.0,,,Rodrigo da Silva Pereira
,,189.0,1.0,,,Rodrigo da Silva Pereira
,,183.0,5.0,,,Rodrigo da Silva Pereira
,,182.0,5.0,,,Rodrigo da Silva Pereira
,30300.0,505.0,2.0,SEG,18:30 às 20:20,Silvia Maria Leite de Almeida
,,387.0,3.0,,,Silvia Maria Leite de Almeida
,,386.0,19.0,,,Silvia Maria Leite de Almeida
,,306.0,5.0,,,Silvia Maria Leite de Almeida
,,280.0,8.0,,,Silvia Maria Leite de Almeida
,,182.0,5.0,,,Silvia Maria Leite de Almeida
,,505.0,2.0,,20:20 às 22:10,Silvia Maria Leite de Almeida
,,387.0,3.0,,,Silvia Maria Leite de Almeida
,,386.0,19.0,,,Silvia Maria Leite de Almeida
,,306.0,5.0,,,Silvia Maria Leite de Almeida
,,280.0,8.0,,,Silvia Maria Leite de Almeida
,,182.0,5.0,,,Silvia Maria Leite de Almeida
,40400.0,505.0,5.0,TER,08:50 às 10:40,Uilma Rodrigues de Matos
,,503.0,3.0,,,Uilma Rodrigues de Matos
,,386.0,7.0,,,Uilma Rodrigues de Matos
,,315.0,2.0,,,Uilma Rodrigues de Matos
,,310.0,10.0,,,Uilma Rodrigues de Matos
,,306.0,10.0,,,Uilma Rodrigues de Matos
,,209.0,5.0,,,Uilma Rodrigues de Matos
,,505.0,5.0,,10:40 às 12:30,Uilma Rodrigues de Matos
,,503.0,3.0,,,Uilma Rodrigues de Matos
,,386.0,7.0,,,Uilma Rodrigues de Matos
,,315.0,2.0,,,Uilma Rodrigues de Matos
,,310.0,10.0,,,Uilma Rodrigues de Matos
,,306.0,10.0,,,Uilma Rodrigues de Matos
,,209.0,5.0,,,Uilma Rodrigues de Matos
,50500.0,505.0,5.0,TER,08:50 às 10:40,Docente Substituto a Contratar
,,503.0,3.0,,,Docente Substituto a Contratar
,,386.0,5.0,,,Docente Substituto a Contratar
,,315.0,2.0,,,Docente Substituto a Contratar
,,310.0,10.0,,,Docente Substituto a Contratar
,,309.0,7.0,,,Docente Substituto a Contratar
,,306.0,5.0,,,Docente Substituto a Contratar
,,209.0,5.0,,,Docente Substituto a Contratar
,,505.0,5.0,,10:40 às 12:30,Docente Substituto a Contratar
,,503.0,3.0,,,Docente Substituto a Contratar
,,386.0,5.0,,,Docente Substituto a Contratar
,,315.0,2.0,,,Docente Substituto a Contratar
,,310.0,10.0,,,Docente Substituto a Contratar
,,309.0,7.0,,,Docente Substituto a Contratar
,,306.0,5.0,,,Docente Substituto a Contratar
,,209.0,5.0,,,Docente Substituto a Contratar
,60600.0,507.0,7.0,TER,13:00 às 14:50,Vitor Bemvindo Vieira
,,309.0,1.0,,,Vitor Bemvindo Vieira
,,226.0,2.0,,,Vitor Bemvindo Vieira
,,202.0,6.0,,,Vitor Bemvindo Vieira
,,111.0,2.0,,,Vitor Bemvindo Vieira
,,109.0,4.0,,,Vitor Bemvindo Vieira
,,507.0,7.0,,14:50 às 16:40,Gabriel Swahili Sales de Almeida
,,309.0,1.0,,,Gabriel Swahili Sales de Almeida
,,226.0,2.0,,,Gabriel Swahili Sales de Almeida
,,202.0,6.0,,,Gabriel Swahili Sales de Almeida
,,111.0,2.0,,,Gabriel Swahili Sales de Almeida
,,109.0,4.0,,,Gabriel Swahili Sales de Almeida
,70700.0,507.0,6.0,TER,13:00 às 14:50,Gabriel Swahili Sales de Almeida
,,402.0,3.0,,,Gabriel Swahili Sales de Almeida
,,309.0,2.0,,,Gabriel Swahili Sales de Almeida
,,202.0,6.0,,,Gabriel Swahili Sales de Almeida
,,111.0,2.0,,,Gabriel Swahili Sales de Almeida
,,109.0,4.0,,,Gabriel Swahili Sales de Almeida
,,507.0,6.0,,14:50 às 16:40,Vitor Bemvindo Vieira
,,402.0,3.0,,,Vitor Bemvindo Vieira
,,309.0,2.0,,,Vitor Bemvindo Vieira
,,202.0,6.0,,,Vitor Bemvindo Vieira
,,111.0,2.0,,,Vitor Bemvindo Vieira
,,109.0,4.0,,,Vitor Bemvindo Vieira
,80800.0,183.0,56.0,TER,18:30 às 20:20,Vitor Bemvindo Vieira
,,,,,20:20 às 22:10,Vitor Bemvindo Vieira
,90900.0,184.0,45.0,TER,18:30 às 20:20,Silvia Maria Leite de Almeida
,,,,,20:20 às 22:10,Silvia Maria Leite de Almeida
,101000.0,503.0,3.0,QUI,07:00 às 08:50,Gabriel Swahili Sales de Almeida
,,310.0,30.0,,,Gabriel Swahili Sales de Almeida
,,306.0,2.0,,,Gabriel Swahili Sales de Almeida
,,202.0,2.0,,,Gabriel Swahili Sales de Almeida
,,113.0,6.0,,,Gabriel Swahili Sales de Almeida
,,111.0,2.0,,,Gabriel Swahili Sales de Almeida
,,503.0,3.0,,08:50 às 10:40,Gabriel Swahili Sales de Almeida
,,310.0,30.0,,,Gabriel Swahili Sales de Almeida
,,306.0,2.0,,,Gabriel Swahili Sales de Almeida
,,202.0,2.0,,,Gabriel Swahili Sales de Almeida
,,113.0,6.0,,,Gabriel Swahili Sales de Almeida
,,111.0,2.0,,,Gabriel Swahili Sales de Almeida
,111100.0,481.0,2.0,QUI,13:00 às 14:50,Uilma Rodrigues de Matos
,,402.0,2.0,,,Uilma Rodrigues de Matos
,,226.0,2.0,,,Uilma Rodrigues de Matos
,,113.0,20.0,,,Uilma Rodrigues de Matos
,,109.0,15.0,,,Uilma Rodrigues de Matos
,,481.0,2.0,,14:50 às 16:40,Uilma Rodrigues de Matos
,,402.0,2.0,,,Uilma Rodrigues de Matos
,,226.0,2.0,,,Uilma Rodrigues de Matos
,,113.0,20.0,,,Uilma Rodrigues de Matos
,,109.0,15.0,,,Uilma Rodrigues de Matos
,,,,,,
,,,,,,
,,,,,,
,,,,,,
,,,,,,
EDCA03 - FILOSOFIA E EDUCAÇÃO,10100.0,481.0,1.0,QUI,18:30 às 20:20,Alessandra Carbonero Lima
,,480.0,1.0,,,Alessandra Carbonero Lima
,,402.0,1.0,,,Alessandra Carbonero Lima
,,280.0,9.0,,,Alessandra Carbonero Lima
,,226.0,1.0,,,Alessandra Carbonero Lima
,,209.0,1.0,,,Alessandra Carbonero Lima
,,184.0,1.0,,,Alessandra Carbonero Lima
,,183.0,1.0,,,Alessandra Carbonero Lima
,,182.0,1.0,,,Alessandra Carbonero Lima
,,113.0,1.0,,,Alessandra Carbonero Lima
,,111.0,1.0,,,Alessandra Carbonero Lima
,,202.0,3.0,,,Alessandra Carbonero Lima
,,401.0,1.0,,,Alessandra Carbonero Lima
,,481.0,1.0,,20:20 às 22:10,Vanessa Sievers de Almeida
,,480.0,1.0,,,Vanessa Sievers de Almeida
,,402.0,1.0,,,Vanessa Sievers de Almeida
,,401.0,1.0,,,Vanessa Sievers de Almeida
,,280.0,9.0,,,Vanessa Sievers de Almeida
,,226.0,1.0,,,Vanessa Sievers de Almeida
,,209.0,1.0,,,Vanessa Sievers de Almeida
,,202.0,3.0,,,Vanessa Sievers de Almeida
,,184.0,1.0,,,Vanessa Sievers de Almeida
,,183.0,1.0,,,Vanessa Sievers de Almeida
,,182.0,1.0,,,Vanessa Sievers de Almeida
,,113.0,1.0,,,Vanessa Sievers de Almeida
,,111.0,1.0,,,Vanessa Sievers de Almeida
,20200.0,481.0,1.0,QUI,18:30 às 20:20,Vanessa Sievers de Almeida
,,480.0,1.0,,,Vanessa Sievers de Almeida
,,402.0,1.0,,,Vanessa Sievers de Almeida
,,401.0,1.0,,,Vanessa Sievers de Almeida
,,280.0,11.0,,,Vanessa Sievers de Almeida
,,209.0,1.0,,,Vanessa Sievers de Almeida
,,202.0,1.0,,,Vanessa Sievers de Almeida
,,184.0,1.0,,,Vanessa Sievers de Almeida
,,183.0,1.0,,,Vanessa Sievers de Almeida
,,182.0,1.0,,,Vanessa Sievers de Almeida
,,113.0,1.0,,,Vanessa Sievers de Almeida
,,111.0,1.0,,,Vanessa Sievers de Almeida
,,481.0,1.0,,20:20 às 22:10,Alessandra Carbonero Lima
,,480.0,1.0,,,Alessandra Carbonero Lima
,,402.0,1.0,,,Alessandra Carbonero Lima
,,401.0,1.0,,,Alessandra Carbonero Lima
,,280.0,11.0,,,Alessandra Carbonero Lima
,,209.0,1.0,,,Alessandra Carbonero Lima
,,202.0,1.0,,,Alessandra Carbonero Lima
,,184.0,1.0,,,Alessandra Carbonero Lima
,,183.0,1.0,,,Alessandra Carbonero Lima
,,182.0,1.0,,,Alessandra Carbonero Lima
,,113.0,1.0,,,Alessandra Carbonero Lima
,,111.0,1.0,,,Alessandra Carbonero Lima
,,,,,,
,,,,,,
,,,,,,
,,,,,,
,,,,,,
EDCA04 - SOCIEDADE E EDUCAÇÃO,10100.0,505.0,7.0,TER,08:50 às 10:40,Selma Cristina Silva de Jesus
,,481.0,5.0,,,Selma Cristina Silva de Jesus
,,402.0,4.0,,,Selma Cristina Silva de Jesus
,,327.0,4.0,,,Selma Cristina Silva de Jesus
,,311.0,5.0,,,Selma Cristina Silva de Jesus
,,209.0,3.0,,,Selma Cristina Silva de Jesus
,,184.0,2.0,,,Selma Cristina Silva de Jesus
,,182.0,5.0,,,Selma Cristina Silva de Jesus
,,111.0,5.0,,,Selma Cristina Silva de Jesus
,,505.0,7.0,,10:40 às 12:30,Selma Cristina Silva de Jesus
,,481.0,5.0,,,Selma Cristina Silva de Jesus
,,402.0,4.0,,,Selma Cristina Silva de Jesus
,,327.0,4.0,,,Selma Cristina Silva de Jesus
,,311.0,5.0,,,Selma Cristina Silva de Jesus
,,209.0,3.0,,,Selma Cristina Silva de Jesus
,,184.0,2.0,,,Selma Cristina Silva de Jesus
,,182.0,5.0,,,Selma Cristina Silva de Jesus
,,111.0,5.0,,,Selma Cristina Silva de Jesus
,20200.0,505.0,4.0,QUI,08:50 às 10:40,Rubenilda Sodre dos Santos
,,480.0,4.0,,,Rubenilda Sodre dos Santos
,,401.0,4.0,,,Rubenilda Sodre dos Santos
,,387.0,4.0,,,Rubenilda Sodre dos Santos
,,311.0,4.0,,,Rubenilda Sodre dos Santos
,,209.0,2.0,,,Rubenilda Sodre dos Santos
,,183.0,4.0,,,Rubenilda Sodre dos Santos
,,182.0,2.0,,,Rubenilda Sodre dos Santos
,,113.0,3.0,,,Rubenilda Sodre dos Santos
,,111.0,4.0,,,Rubenilda Sodre dos Santos
,,109.0,5.0,,,Rubenilda Sodre dos Santos
,,505.0,4.0,,10:40 às 12:30,Rubenilda Sodre dos Santos
,,480.0,4.0,,,Rubenilda Sodre dos Santos
,,401.0,4.0,,,Rubenilda Sodre dos Santos
,,387.0,4.0,,,Rubenilda Sodre dos Santos
,,311.0,4.0,,,Rubenilda Sodre dos Santos
,,209.0,2.0,,,Rubenilda Sodre dos Santos
,,183.0,4.0,,,Rubenilda Sodre dos Santos
,,182.0,2.0,,,Rubenilda Sodre dos Santos
,,113.0,3.0,,,Rubenilda Sodre dos Santos
,,111.0,4.0,,,Rubenilda Sodre dos Santos
,,109.0,5.0,,,Rubenilda Sodre dos Santos
,,,,,,
,,,,,,
,,,,,,
,,,,,,
,,,,,,
EDCA05 - HISTÓRIA DA EDUCAÇÃO BRASILEIRA,10100.0,111.0,5.0,TER,18:30 às 20:20,Kelly Ludkiewicz Alves
,,386.0,17.0,,,Kelly Ludkiewicz Alves
,,183.0,13.0,,,Kelly Ludkiewicz Alves
,,182.0,5.0,,,Kelly Ludkiewicz Alves
,,386.0,17.0,,20:20 às 22:10,Kelly Ludkiewicz Alves
,,183.0,13.0,,,Kelly Ludkiewicz Alves
,,182.0,5.0,,,Kelly Ludkiewicz Alves
,,111.0,5.0,,,Kelly Ludkiewicz Alves
,20200.0,580.0,1.0,QUA,18:30 às 20:20,Ronaldo Figueiredo Venas
,,387.0,2.0,,,Ronaldo Figueiredo Venas
,,386.0,17.0,,,Ronaldo Figueiredo Venas
,,286.0,3.0,,,Ronaldo Figueiredo Venas
,,226.0,2.0,,,Ronaldo Figueiredo Venas
,,184.0,10.0,,,Ronaldo Figueiredo Venas
,,182.0,5.0,,,Ronaldo Figueiredo Venas
,,580.0,1.0,,20:20 às 22:10,Ronaldo Figueiredo Venas
,,387.0,2.0,,,Ronaldo Figueiredo Venas
,,386.0,17.0,,,Ronaldo Figueiredo Venas
,,286.0,3.0,,,Ronaldo Figueiredo Venas
,,226.0,2.0,,,Ronaldo Figueiredo Venas
,,184.0,10.0,,,Ronaldo Figueiredo Venas
,,182.0,5.0,,,Ronaldo Figueiredo Venas
,30300.0,386.0,9.0,QUI,18:30 às 20:20,Kelly Ludkiewicz Alves
,,385.0,14.0,,,Kelly Ludkiewicz Alves
,,196.0,3.0,,,Kelly Ludkiewicz Alves
,,183.0,9.0,,,Kelly Ludkiewicz Alves
,,182.0,5.0,,,Kelly Ludkiewicz Alves
,,386.0,9.0,,20:20 às 22:10,Kelly Ludkiewicz Alves
,,385.0,14.0,,,Kelly Ludkiewicz Alves
,,196.0,3.0,,,Kelly Ludkiewicz Alves
,,183.0,9.0,,,Kelly Ludkiewicz Alves
,,182.0,5.0,,,Kelly Ludkiewicz Alves
,40400.0,515.0,4.0,SEX,07:00 às 08:50,Ronaldo Figueiredo Venas
,,327.0,5.0,,,Ronaldo Figueiredo Venas
,,312.0,13.0,,,Ronaldo Figueiredo Venas
,,196.0,2.0,,,Ronaldo Figueiredo Venas
,,190.0,1.0,,,Ronaldo Figueiredo Venas
,,111.0,5.0,,,Ronaldo Figueiredo Venas
,,109.0,10.0,,,Ronaldo Figueiredo Venas
,,515.0,4.0,,08:50 às 10:40,Ronaldo Figueiredo Venas
,,327.0,5.0,,,Ronaldo Figueiredo Venas
,,312.0,13.0,,,Ronaldo Figueiredo Venas
,,196.0,2.0,,,Ronaldo Figueiredo Venas
,,190.0,1.0,,,Ronaldo Figueiredo Venas
,,111.0,5.0,,,Ronaldo Figueiredo Venas
,,109.0,10.0,,,Ronaldo Figueiredo Venas
,,,,,,
,,,,,,
,,,,,,
,,,,,,
,,,,,,
EDCA11 - DIDÁTICA E PRAXIS PEDAGÓGICA I,100.0,503.0,4.0,QUI,08:50 às 12:30,Mauricio Mogilka
,,310.0,4.0,,,Mauricio Mogilka
,,306.0,10.0,,,Mauricio Mogilka
,,202.0,8.0,,,Mauricio Mogilka
,,113.0,10.0,,,Mauricio Mogilka
,,111.0,4.0,,,Mauricio Mogilka
,200.0,505.0,5.0,QUI,08:50 às 12:30,Ana Katia Alves dos Santos
,,403.0,5.0,,,Ana Katia Alves dos Santos
,,402.0,10.0,,,Ana Katia Alves dos Santos
,,309.0,10.0,,,Ana Katia Alves dos Santos
,,108.0,10.0,,,Ana Katia Alves dos Santos
,300.0,509.0,2.0,QUI,08:50 às 12:30,Roberto Luiz Machado
,,507.0,4.0,,,Roberto Luiz Machado
,,402.0,5.0,,,Roberto Luiz Machado
,,310.0,5.0,,,Roberto Luiz Machado
,,309.0,10.0,,,Roberto Luiz Machado
,,306.0,5.0,,,Roberto Luiz Machado
,,202.0,2.0,,,Roberto Luiz Machado
,,113.0,2.0,,,Roberto Luiz Machado
,,108.0,5.0,,,Roberto Luiz Machado
,400.0,480.0,5.0,TER,18:30 às 22:10,Cleverson Suzart Silva
,,183.0,10.0,,,Cleverson Suzart Silva
,,182.0,15.0,,,Cleverson Suzart Silva
,,181.0,10.0,,,Cleverson Suzart Silva
,500.0,503.0,2.0,TER,08:50 às 12:30,Mauricio Mogilka
,,401.0,5.0,,,Mauricio Mogilka
,,309.0,3.0,,,Mauricio Mogilka
,,306.0,3.0,,,Mauricio Mogilka
,,280.0,5.0,,,Mauricio Mogilka
,,202.0,5.0,,,Mauricio Mogilka
,,196.0,2.0,,,Mauricio Mogilka
,,113.0,5.0,,,Mauricio Mogilka
,,111.0,5.0,,,Mauricio Mogilka
,,109.0,5.0,,,Mauricio Mogilka
,600.0,581.0,5.0,TER,08:50 às 12:30,Ana Katia Alves dos Santos
,,505.0,4.0,,,Ana Katia Alves dos Santos
,,480.0,5.0,,,Ana Katia Alves dos Santos
,,403.0,3.0,,,Ana Katia Alves dos Santos
,,401.0,4.0,,,Ana Katia Alves dos Santos
,,309.0,4.0,,,Ana Katia Alves dos Santos
,,280.0,5.0,,,Ana Katia Alves dos Santos
,,109.0,10.0,,,Ana Katia Alves dos Santos
,700.0,507.0,2.0,TER,08:50 às 12:30,Roberto Luiz Machado
,,503.0,3.0,,,Roberto Luiz Machado
,,481.0,6.0,,,Roberto Luiz Machado
,,480.0,5.0,,,Roberto Luiz Machado
,,401.0,6.0,,,Roberto Luiz Machado
,,310.0,2.0,,,Roberto Luiz Machado
,,280.0,5.0,,,Roberto Luiz Machado
,,202.0,2.0,,,Roberto Luiz Machado
,,190.0,2.0,,,Roberto Luiz Machado
,,113.0,2.0,,,Roberto Luiz Machado
,,111.0,5.0,,,Roberto Luiz Machado
,800.0,581.0,10.0,QUI,18:30 às 22:10,Cleverson Suzart Silva
,,507.0,1.0,,,Cleverson Suzart Silva
,,481.0,5.0,,,Cleverson Suzart Silva
,,383.0,1.0,,,Cleverson Suzart Silva
,,310.0,2.0,,,Cleverson Suzart Silva
,,306.0,4.0,,,Cleverson Suzart Silva
,,280.0,5.0,,,Cleverson Suzart Silva
,,196.0,5.0,,,Cleverson Suzart Silva
,,183.0,6.0,,,Cleverson Suzart Silva
,,108.0,1.0,,,Cleverson Suzart Silva
,900.0,505.0,5.0,SEX,08:50 às 12:30,Docente Substituto a Contratar
,,503.0,3.0,,,Docente Substituto a Contratar
,,403.0,2.0,,,Docente Substituto a Contratar
,,402.0,2.0,,,Docente Substituto a Contratar
,,401.0,5.0,,,Docente Substituto a Contratar
,,309.0,3.0,,,Docente Substituto a Contratar
,,209.0,5.0,,,Docente Substituto a Contratar
,,109.0,15.0,,,Docente Substituto a Contratar
,1000.0,507.0,2.0,SEG,08:50 às 12:30,Giovana Cristina Zen
,,505.0,10.0,,,Giovana Cristina Zen
,,503.0,5.0,,,Giovana Cristina Zen
,,310.0,5.0,,,Giovana Cristina Zen
,,306.0,15.0,,,Giovana Cristina Zen
,,111.0,3.0,,,Giovana Cristina Zen
,,108.0,2.0,,,Giovana Cristina Zen
,1100.0,581.0,4.0,SEG,18:30 às 22:10,Giovana Cristina Zen
,,481.0,9.0,,,Giovana Cristina Zen
,,480.0,2.0,,,Giovana Cristina Zen
,,280.0,10.0,,,Giovana Cristina Zen
,,202.0,5.0,,,Giovana Cristina Zen
,,196.0,5.0,,,Giovana Cristina Zen
,,183.0,5.0,,,Giovana Cristina Zen
,,,,,,
,,,,,,
,,,,,,
,,,,,,
,,,,,,
EDCA12 - DIDÁTICA E PRAXIS PEDAGÓGICA II,100.0,581.0,10.0,SEG,18:30 às 22:10,Telma Brito Rocha
,,503.0,2.0,,,Telma Brito Rocha
,,481.0,8.0,,,Telma Brito Rocha
,,480.0,8.0,,,Telma Brito Rocha
,,196.0,10.0,,,Telma Brito Rocha
,,113.0,2.0,,,Telma Brito Rocha
,200.0,507.0,3.0,TER,07:00 às 10:40,Docente Substituto a Contratar
,,505.0,2.0,,,Docente Substituto a Contratar
,,402.0,5.0,,,Docente Substituto a Contratar
,,401.0,5.0,,,Docente Substituto a Contratar
,,310.0,5.0,,,Docente Substituto a Contratar
,,306.0,5.0,,,Docente Substituto a Contratar
,,202.0,5.0,,,Docente Substituto a Contratar
,,196.0,5.0,,,Docente Substituto a Contratar
,,109.0,5.0,,,Docente Substituto a Contratar
,300.0,503.0,2.0,TER,13:00 às 16:40,Docente Substituto a Contratar
,,402.0,5.0,,,Docente Substituto a Contratar
,,401.0,5.0,,,Docente Substituto a Contratar
,,310.0,5.0,,,Docente Substituto a Contratar
,,309.0,5.0,,,Docente Substituto a Contratar
,,306.0,5.0,,,Docente Substituto a Contratar
,,183.0,5.0,,,Docente Substituto a Contratar
,,111.0,5.0,,,Docente Substituto a Contratar
,,109.0,5.0,,,Docente Substituto a Contratar
,400.0,507.0,3.0,TER,18:30 às 22:10,Alessandra Santos de Assis
,,481.0,4.0,,,Alessandra Santos de Assis
,,480.0,6.0,,,Alessandra Santos de Assis
,,401.0,5.0,,,Alessandra Santos de Assis
,,310.0,3.0,,,Alessandra Santos de Assis
,,309.0,1.0,,,Alessandra Santos de Assis
,,306.0,2.0,,,Alessandra Santos de Assis
,,196.0,5.0,,,Alessandra Santos de Assis
,,181.0,6.0,,,Alessandra Santos de Assis
,,109.0,5.0,,,Alessandra Santos de Assis
,500.0,503.0,6.0,QUA,08:50 às 12:30,Jamile Borges da Silva
,,401.0,5.0,,,Jamile Borges da Silva
,,309.0,5.0,,,Jamile Borges da Silva
,,306.0,5.0,,,Jamile Borges da Silva
,,209.0,5.0,,,Jamile Borges da Silva
,,202.0,5.0,,,Jamile Borges da Silva
,,113.0,5.0,,,Jamile Borges da Silva
,,111.0,4.0,,,Jamile Borges da Silva
,600.0,481.0,8.0,QUI,18:30 às 22:10,Docente Substituto a Contratar
,,480.0,8.0,,,Docente Substituto a Contratar
,,310.0,2.0,,,Docente Substituto a Contratar
,,280.0,10.0,,,Docente Substituto a Contratar
,,183.0,10.0,,,Docente Substituto a Contratar
,,111.0,2.0,,,Docente Substituto a Contratar
,700.0,505.0,5.0,SEX,08:50 às 12:30,Jamile Borges da Silva
,,503.0,2.0,,,Jamile Borges da Silva
,,403.0,8.0,,,Jamile Borges da Silva
,,310.0,5.0,,,Jamile Borges da Silva
,,306.0,5.0,,,Jamile Borges da Silva
,,189.0,1.0,,,Jamile Borges da Silva
,,113.0,2.0,,,Jamile Borges da Silva
,,109.0,12.0,,,Jamile Borges da Silva
,,,,,,
,,,,,,
,,,,,,
,,,,,,
,,,,,,
"EDCA13 - APRENDIZAGEM, DESENVOLVIMENTO HUMANO E EDUCAÇÃO",10100.0,387.0,5.0,TER,13:55 às 17:35,Marcela Rodrigues de Castro
,,327.0,5.0,,,Marcela Rodrigues de Castro
,,315.0,15.0,,,Marcela Rodrigues de Castro
,,226.0,5.0,,,Marcela Rodrigues de Castro
,,222.0,10.0,,,Marcela Rodrigues de Castro
,,387.0,5.0,CMB,00:00 às 00:00,Marcela Rodrigues de Castro
,,327.0,5.0,,,Marcela Rodrigues de Castro
,,315.0,15.0,,,Marcela Rodrigues de Castro
,,226.0,5.0,,,Marcela Rodrigues de Castro
,,222.0,10.0,,,Marcela Rodrigues de Castro
,,,,,,
,,,,,,
,,,,,,
,,,,,,
,,,,,,
EDCA16 - HISTÓRIA DA EDUCAÇÃO FÍSICA ESPORTE LAZER,10000.0,327.0,5.0,TER,08:50 às 12:30,Coriolano Pereira da Rocha Junior
,,315.0,38.0,,,Coriolano Pereira da Rocha Junior
,,,,,,
,,,,,,
,,,,,,
,,,,,,
,,,,,,
EDCA17 - DIDÁTICA E PRÁXIS PEDAGÓGICA EM FILOSOFIA I,1.0,309.0,20.0,QUI,07:00 às 10:40,Eduardo David de Oliveira
,,,,CMB,00:00 às 00:00,Eduardo David de Oliveira
,,,,,,
,,,,,,
,,,,,,
,,,,,,
,,,,,,
EDCA18 - DIDÁTICA E PRÁXIS PEDAGÓGICA EM FILOSOFIA II,1.0,309.0,20.0,CMB,00:00 às 23:00,Dante Augusto Galeffi
,,,,,,Urania Auxiliadora Santos Maia de Olivei
,,,,,,
,,,,,,
,,,,,,
,,,,,,
,,,,,,
EDCA52 - DIDÁTICA E PRÁXIS PEDAGÓGICA DE QUÍMICA I,1.0,113.0,15.0,QUA,08:50 às 12:30,Docente não informado pelo Departamento
,,,,CMB,00:00 às 00:00,Docente não informado pelo Departamento
,,,,,,
,,,,,,
,,,,,,
,,,,,,
,,,,,,
EDCA62 - ESTÁGIO SUPERVISIONADO I DE LINGUA PORTUGUESA,1.0,480.0,4.0,QUA,08:50 às 12:30,Noemi Pereira de Santana
,,402.0,4.0,,,Noemi Pereira de Santana
,,401.0,7.0,,,Noemi Pereira de Santana
,,480.0,4.0,SEX,08:50 às 12:30,Raquel Nery Lima Bezerra
,,402.0,4.0,,,Raquel Nery Lima Bezerra
,,401.0,7.0,,,Raquel Nery Lima Bezerra
,2.0,480.0,4.0,TER,08:50 às 12:30,Fatima Aparecida de Souza
,,402.0,6.0,,,Fatima Aparecida de Souza
,,401.0,5.0,,,Fatima Aparecida de Souza
,,480.0,4.0,QUI,08:50 às 12:30,Fatima Aparecida de Souza
,,402.0,6.0,,,Fatima Aparecida de Souza
,,401.0,5.0,,,Fatima Aparecida de Souza
,,,,,,
,,,,,,
,,,,,,
,,,,,,
,,,,,,
EDCA63 - ESTÁGIO SUPERVISIONADO II DE LINGUA PORTUGUESA,1.0,402.0,5.0,TER,16:40 às 18:30,Sandra Carneiro de Oliveira
,,401.0,10.0,,,Sandra Carneiro de Oliveira
,,402.0,5.0,CMB,00:00 às 00:00,Sandra Carneiro de Oliveira
,,401.0,10.0,,,Sandra Carneiro de Oliveira
,2.0,480.0,9.0,TER,18:30 às 20:20,Docente Substituto a Contratar
,,402.0,3.0,,,Docente Substituto a Contratar
,,480.0,9.0,CMB,00:00 às 00:00,Docente Substituto a Contratar
,,402.0,3.0,,,Docente Substituto a Contratar
,,,,,,
,,,,,,
,,,,,,
,,,,,,
,,,,,,
EDCA70 - TRABALHO DE CONCLUSÃO DE CURSO,10000.0,315.0,35.0,SEG,08:50 às 10:40,Romilson Augusto dos Santos
,,,,,10:40 às 12:30,Romilson Augusto dos Santos
,,,,,,
,,,,,,
,,,,,,
,,,,,,
,,,,,,
EDCA81 - ESTÁGIO SUPERVISIONADO I,10101.0,183.0,5.0,QUA,13:00 às 13:55,Andreia Maria Pereira de Oliveira
,,111.0,15.0,,,Andreia Maria Pereira de Oliveira
,,183.0,5.0,,13:55 às 14:50,Andreia Maria Pereira de Oliveira
,,111.0,15.0,,,Andreia Maria Pereira de Oliveira
,,183.0,5.0,CMB,00:00 às 00:00,Andreia Maria Pereira de Oliveira
,,111.0,15.0,,,Andreia Maria Pereira de Oliveira
,,,,,,
,,,,,,
,,,,,,
,,,,,,
,,,,,,
EDCA82 - ESTÁGIO SUPERVISIONADO II,10101.0,183.0,15.0,SEX,18:30 às 19:25,Docente Substituto a Contratar
,,111.0,5.0,,,Docente Substituto a Contratar
,,183.0,15.0,,19:25 às 20:20,Docente não informado pelo Departamento
,,111.0,5.0,,,Docente não informado pelo Departamento
,,183.0,15.0,CMB,00:00 às 00:00,Docente não informado pelo Departamento
,,111.0,5.0,,,Docente não informado pelo Departamento
,,,,,,
,,,,,,
,,,,,,
,,,,,,
,,,,,,
EDCA83 - ESTÁGIO SUPERVISIONADO III,10101.0,183.0,5.0,SEX,10:40 às 11:35,Docente Substituto a Contratar
,,111.0,15.0,,,Docente Substituto a Contratar
,,183.0,5.0,,11:35 às 12:30,Docente não informado pelo Departamento
,,111.0,15.0,,,Docente não informado pelo Departamento
,,183.0,5.0,CMB,00:00 às 00:00,Docente não informado pelo Departamento
,,111.0,15.0,,,Docente não informado pelo Departamento
,,,,,,
,,,,,,
,,,,,,
,,,,,,
,,,,,,
EDCA84 - ESTÁGIO SUPERVISIONADO IV,10101.0,183.0,10.0,QUA,20:20 às 21:15,Jonei Cerqueira Barbosa
,,111.0,10.0,,,Jonei Cerqueira Barbosa
,,183.0,10.0,,21:15 às 22:10,Jonei Cerqueira Barbosa
,,111.0,10.0,,,Jonei Cerqueira Barbosa
,,183.0,10.0,CMB,00:00 às 00:00,Jonei Cerqueira Barbosa
,,111.0,10.0,,,Jonei Cerqueira Barbosa
,,,,,,
,,,,,,
,,,,,,
,,,,,,
,,,,,,
EDCB31 - DIDÁTICA E PRAXIS PEDAGÓGICA DE HISTÓRIA I,1.0,310.0,15.0,TER,13:00 às 16:40,Alex Andrade Costa
,,,,QUI,13:00 às 16:40,Alex Andrade Costa
,2.0,386.0,15.0,TER,18:30 às 22:10,Alex Andrade Costa
,,,,CMB,00:00 às 00:00,Alex Andrade Costa
,,,,,,
,,,,,,
,,,,,,
,,,,,,
,,,,,,
EDCB32 - DIDÁTICA E PRAXIS PEDAGÓGICA DE HISTÓRIA II,1.0,310.0,15.0,QUA,13:55 às 15:45,Maria Ines Correa Marques
,,,,CMB,00:00 às 00:00,Carollina Carvalho Ramos de Lima
,2.0,386.0,15.0,QUA,13:55 às 15:45,Carollina Carvalho Ramos de Lima
,,,,CMB,00:00 às 00:00,Maria Ines Correa Marques
,,,,,,
,,,,,,
,,,,,,
,,,,,,
,,,,,,
EDCB33 - ESTÁGIO SUPERVISIONADO I,1.0,202.0,15.0,TER,13:00 às 14:50,Denise Moura de Jesus Guerra
,,,,CMB,00:00 às 00:00,Denise Moura de Jesus Guerra
,2.0,202.0,8.0,TER,13:00 às 14:50,Herbert Gomes da Silva
,,,,CMB,00:00 às 00:00,Docente Substituto a Contratar
,3.0,202.0,7.0,TER,13:00 às 14:50,Docente Substituto a Contratar
,,,,CMB,00:00 às 00:00,Herbert Gomes da Silva
,4.0,280.0,15.0,QUA,18:30 às 20:20,Docente Substituto a Contratar
,,,,CMB,00:00 às 00:00,Docente não informado pelo Departamento
,,,,,,
,,,,,,
,,,,,,
,,,,,,
,,,,,,
EDCB57 - PSICOLOGIA DA EDUCAÇÃO,10000.0,312.0,47.0,SEG,08:50 às 12:30,Maria Izabel Souza Ribeiro
,20000.0,387.0,5.0,QUI,18:30 às 22:10,Maria Izabel Souza Ribeiro
,,385.0,24.0,,,Maria Izabel Souza Ribeiro
,,286.0,6.0,,,Maria Izabel Souza Ribeiro
,,209.0,5.0,,,Maria Izabel Souza Ribeiro
,,,,,,
,,,,,,
,,,,,,
,,,,,,
,,,,,,
EDCB71 - ESTÁGIO DE QUÍMICA I,1.0,184.0,15.0,TER,18:30 às 20:20,Isadora Melo Gonzalez
,,,,CMB,00:00 às 00:00,Isadora Melo Gonzalez
,,,,,,
,,,,,,
,,,,,,
,,,,,,
,,,,,,
EDCB72 - ESTÁGIO DE QUÍMICA II,1.0,184.0,15.0,SEX,18:30 às 20:20,Viviane Florentino de Melo
,,,,CMB,00:00 às 00:00,Viviane Florentino de Melo
,,,,,,
,,,,,,
,,,,,,
,,,,,,
,,,,,,
EDCB75 - DIDÁTICA E PRÁXIS PEDAGÓGICA DE QUÍMICA,10100.0,184.0,10.0,TER,18:30 às 22:10,Viviane Florentino de Melo
,,,,CMB,00:00 às 00:00,Maria Bernadete de Melo Cunha
,20200.0,184.0,10.0,TER,18:30 às 22:10,Viviane Florentino de Melo
,,,,CMB,00:00 às 00:00,Maria Bernadete de Melo Cunha
,,,,,,
,,,,,,
,,,,,,
,,,,,,
,,,,,,
EDCB79 - TEE - HISTÓRIA E CULTURA AFRICANA E AFROBRASILEIRA,10100.0,580.0,5.0,QUA,18:30 às 20:20,Alex Andrade Costa
,,515.0,2.0,,,Alex Andrade Costa
,,387.0,1.0,,,Alex Andrade Costa
,,385.0,11.0,,,Alex Andrade Costa
,,312.0,16.0,,,Alex Andrade Costa
,,580.0,5.0,,20:20 às 22:10,Alex Andrade Costa
,,515.0,2.0,,,Alex Andrade Costa
,,387.0,1.0,,,Alex Andrade Costa
,,385.0,11.0,,,Alex Andrade Costa
,,312.0,16.0,,,Alex Andrade Costa
,,,,,,
,,,,,,
,,,,,,
,,,,,,
,,,,,,
EDCB80 - FILOSOFIA DA EDUCAÇÃO,10100.0,387.0,4.0,SEG,18:30 às 20:20,Kleverton Bacelar Santana
,,385.0,16.0,,,Kleverton Bacelar Santana
,,383.0,2.0,,,Kleverton Bacelar Santana
,,309.0,13.0,,,Kleverton Bacelar Santana
,,196.0,5.0,,,Kleverton Bacelar Santana
,,387.0,4.0,,20:20 às 22:10,Kleverton Bacelar Santana
,,385.0,16.0,,,Kleverton Bacelar Santana
,,383.0,2.0,,,Kleverton Bacelar Santana
,,309.0,13.0,,,Kleverton Bacelar Santana
,,196.0,5.0,,,Kleverton Bacelar Santana
,20200.0,196.0,40.0,QUA,18:30 às 20:20,Alessandra Carbonero Lima
,,189.0,1.0,,,Alessandra Carbonero Lima
,,183.0,4.0,,,Alessandra Carbonero Lima
,,196.0,40.0,,20:20 às 22:10,Vanessa Sievers de Almeida
,,189.0,1.0,,,Vanessa Sievers de Almeida
,,183.0,4.0,,,Vanessa Sievers de Almeida
,30300.0,312.0,28.0,QUI,08:50 às 10:40,Kleverton Bacelar Santana
,,309.0,7.0,,,Kleverton Bacelar Santana
,,111.0,5.0,,,Kleverton Bacelar Santana
,,312.0,28.0,,10:40 às 12:30,Kleverton Bacelar Santana
,,309.0,7.0,,,Kleverton Bacelar Santana
,,111.0,5.0,,,Kleverton Bacelar Santana
,40400.0,286.0,5.0,QUA,18:30 às 20:20,Vanessa Sievers de Almeida
,,196.0,10.0,,,Vanessa Sievers de Almeida
,,189.0,1.0,,,Vanessa Sievers de Almeida
,,183.0,4.0,,,Vanessa Sievers de Almeida
,,286.0,5.0,,20:20 às 22:10,Alessandra Carbonero Lima
,,196.0,10.0,,,Alessandra Carbonero Lima
,,189.0,1.0,,,Alessandra Carbonero Lima
,,183.0,4.0,,,Alessandra Carbonero Lima
,,,,,,
,,,,,,
,,,,,,
,,,,,,
,,,,,,
EDCB81 - SOCIOLOGIA DA EDUCAÇÃO,10100.0,385.0,26.0,TER,18:30 às 20:20,Edilza Correia Sotero
,,196.0,5.0,,,Edilza Correia Sotero
,,385.0,26.0,,20:20 às 22:10,Edilza Correia Sotero
,,196.0,5.0,,,Edilza Correia Sotero
,20200.0,312.0,41.0,QUA,07:00 às 08:50,Rubenilda Sodre dos Santos
,,,,,08:50 às 10:40,Rubenilda Sodre dos Santos
,,,,,,
,,,,,,
,,,,,,
,,,,,,
,,,,,,
EDCB84 - LINGUAGEM E EDUCAÇÃO,10100.0,312.0,40.0,SEX,08:50 às 10:40,Giselly Lima de Moraes
,,,,,10:40 às 12:30,Giselly Lima de Moraes
,20200.0,387.0,6.0,SEX,18:30 às 20:20,Raquel Nery Lima Bezerra
,,385.0,20.0,,,Raquel Nery Lima Bezerra
,,312.0,4.0,,,Raquel Nery Lima Bezerra
,,387.0,6.0,,20:20 às 22:10,Raquel Nery Lima Bezerra
,,385.0,20.0,,,Raquel Nery Lima Bezerra
,,312.0,4.0,,,Raquel Nery Lima Bezerra
,,,,,,
,,,,,,
,,,,,,
,,,,,,
,,,,,,
EDCB85 - ALFABETIZAÇÃO E LETRAMENTO,10100.0,312.0,40.0,CMB,00:00 às 23:00,Raquel Nery Lima Bezerra
,20200.0,387.0,3.0,QUA,18:30 às 20:20,Liane Castro de Araujo
,,385.0,37.0,,,Liane Castro de Araujo
,,387.0,3.0,,20:20 às 22:10,Liane Castro de Araujo
,,385.0,37.0,,,Liane Castro de Araujo
,,,,,,
,,,,,,
,,,,,,
,,,,,,
,,,,,,
EDCB86 - METODOLOGIA DO ENSINO DA HISTÓRIA,10100.0,312.0,40.0,SEX,08:50 às 10:40,Carollina Carvalho Ramos de Lima
,,,,,10:40 às 12:30,Carollina Carvalho Ramos de Lima
,20200.0,387.0,6.0,SEG,18:30 às 20:20,Carollina Carvalho Ramos de Lima
,,385.0,30.0,,,Carollina Carvalho Ramos de Lima
,,387.0,6.0,,20:20 às 22:10,Carollina Carvalho Ramos de Lima
,,385.0,30.0,,,Carollina Carvalho Ramos de Lima
,,,,,,
,,,,,,
,,,,,,
,,,,,,
,,,,,,
EDCB89 - EDUCAÇÃO DE PESSOAS COM NECESSIDADES EDUCATIVAS ESPECIAIS,10100.0,515.0,5.0,QUI,07:00 às 08:50,Sheila de Quadros Uzeda
,,327.0,4.0,,,Sheila de Quadros Uzeda
,,312.0,17.0,,,Sheila de Quadros Uzeda
,,226.0,7.0,,,Sheila de Quadros Uzeda
,,210.0,7.0,,,Sheila de Quadros Uzeda
,,515.0,5.0,SEX,10:40 às 12:30,Sheila de Quadros Uzeda
,,327.0,4.0,,,Sheila de Quadros Uzeda
,,312.0,17.0,,,Sheila de Quadros Uzeda
,,226.0,7.0,,,Sheila de Quadros Uzeda
,,210.0,7.0,,,Sheila de Quadros Uzeda
,20200.0,580.0,5.0,QUI,18:30 às 20:20,Sheila de Quadros Uzeda
,,387.0,12.0,,,Sheila de Quadros Uzeda
,,385.0,6.0,,,Sheila de Quadros Uzeda
,,286.0,10.0,,,Sheila de Quadros Uzeda
,,210.0,5.0,,,Sheila de Quadros Uzeda
,,189.0,2.0,,,Sheila de Quadros Uzeda
,,580.0,5.0,,20:20 às 22:10,Sheila de Quadros Uzeda
,,387.0,12.0,,,Sheila de Quadros Uzeda
,,385.0,6.0,,,Sheila de Quadros Uzeda
,,286.0,10.0,,,Sheila de Quadros Uzeda
,,210.0,5.0,,,Sheila de Quadros Uzeda
,,189.0,2.0,,,Sheila de Quadros Uzeda
,,,,,,
,,,,,,
,,,,,,
,,,,,,
,,,,,,
EDCB90 - EDUCAÇÃO PROFISSIONAL,10100.0,515.0,5.0,SEG,07:00 às 08:50,Marize Souza Carvalho
,,327.0,9.0,,,Marize Souza Carvalho
,,312.0,20.0,,,Marize Souza Carvalho
,,226.0,4.0,,,Marize Souza Carvalho
,,190.0,2.0,,,Marize Souza Carvalho
,,515.0,5.0,QUA,10:40 às 12:30,Marize Souza Carvalho
,,327.0,9.0,,,Marize Souza Carvalho
,,312.0,20.0,,,Marize Souza Carvalho
,,226.0,4.0,,,Marize Souza Carvalho
,,190.0,2.0,,,Marize Souza Carvalho
,20200.0,580.0,6.0,QUI,18:30 às 20:20,Marize Souza Carvalho
,,387.0,14.0,,,Marize Souza Carvalho
,,385.0,13.0,,,Marize Souza Carvalho
,,286.0,5.0,,,Marize Souza Carvalho
,,189.0,2.0,,,Marize Souza Carvalho
,,580.0,6.0,,20:20 às 22:10,Marize Souza Carvalho
,,387.0,14.0,,,Marize Souza Carvalho
,,385.0,13.0,,,Marize Souza Carvalho
,,286.0,5.0,,,Marize Souza Carvalho
,,189.0,2.0,,,Marize Souza Carvalho
,,,,,,
,,,,,,
,,,,,,
,,,,,,
,,,,,,
EDCB91 - GESTÃO EDUCACIONAL,10100.0,506.0,6.0,QUI,08:50 às 10:40,Lanara Guimaraes de Souza
,,312.0,34.0,,,Lanara Guimaraes de Souza
,,506.0,6.0,,10:40 às 12:30,Lanara Guimaraes de Souza
,,312.0,34.0,,,Lanara Guimaraes de Souza
,20200.0,506.0,4.0,QUI,18:30 às 20:20,Lanara Guimaraes de Souza
,,387.0,23.0,,,Lanara Guimaraes de Souza
,,385.0,13.0,,,Lanara Guimaraes de Souza
,,506.0,4.0,,20:20 às 22:10,Lanara Guimaraes de Souza
,,387.0,23.0,,,Lanara Guimaraes de Souza
,,385.0,13.0,,,Lanara Guimaraes de Souza
,,,,,,
,,,,,,
,,,,,,
,,,,,,
,,,,,,
EDCB92 - PROJETO DE TRABALHO DE CONCLUSÃO DE CURSO - TCC,10100.0,312.0,19.0,TER,08:50 às 10:40,Sara Martha Dick
,,,,,10:40 às 12:30,Sara Martha Dick
,20200.0,385.0,10.0,TER,18:30 às 20:20,Sara Martha Dick
,,,,,20:20 às 22:10,Sara Martha Dick
,,,,,,
,,,,,,
,,,,,,
,,,,,,
,,,,,,
EDCB93 - ESTÁGIO 1,1.0,385.0,5.0,QUI,07:55 às 10:40,Liane Castro de Araujo
,,312.0,10.0,,,Liane Castro de Araujo
,,385.0,5.0,,10:40 às 12:30,Liane Castro de Araujo
,,312.0,10.0,,,Liane Castro de Araujo
,,,,,,
,,,,,,
,,,,,,
,,,,,,
,,,,,,
EDCB94 - ESTÁGIO 2,1.0,312.0,15.0,QUI,07:55 às 10:40,Leila da Franca Soares
,,,,,10:40 às 12:30,Leila da Franca Soares
,2.0,385.0,15.0,TER,13:55 às 18:30,Leila da Franca Soares
,,,,,,
,,,,,,
,,,,,,
,,,,,,
,,,,,,
EDCB95 - ESTÁGIO 3,1.0,312.0,15.0,TER,07:55 às 10:40,Cilene Nascimento Canda
,,,,,10:40 às 12:30,Cilene Nascimento Canda
,2.0,385.0,11.0,QUA,18:30 às 22:10,Cilene Nascimento Canda
,,312.0,4.0,,,Cilene Nascimento Canda
,,385.0,11.0,CMB,00:00 às 00:00,Cilene Nascimento Canda
,,312.0,4.0,,,Cilene Nascimento Canda
,,,,,,
,,,,,,
,,,,,,
,,,,,,
,,,,,,
EDCB96 - ESTÁGIO 4,1.0,385.0,11.0,SEG,18:30 às 22:10,Lanara Guimaraes de Souza
,,312.0,4.0,,,Lanara Guimaraes de Souza
,,385.0,11.0,CMB,00:00 às 00:00,Lanara Guimaraes de Souza
,,312.0,4.0,,,Lanara Guimaraes de Souza
,,,,,,
,,,,,,
,,,,,,
,,,,,,
,,,,,,
EDCB97 - TRABALHO DE CONCLUSÃO DE CURSO,10000.0,312.0,1.0,SAB,13:00 às 13:55,Edilza Correia Sotero
,,,,CMB,00:00 às 00:00,Docente não informado pelo Departamento
,20000.0,312.0,1.0,SAB,13:00 às 13:55,Elaine Cristina de Oliveira
,,,,CMB,00:00 às 00:00,Docente não informado pelo Departamento
,30000.0,312.0,1.0,SAB,13:00 às 13:55,Felix Marcial Diaz Rodriguez
,,,,CMB,00:00 às 00:00,Docente não informado pelo Departamento
,40000.0,312.0,1.0,SAB,13:55 às 14:50,Felix Marcial Diaz Rodriguez
,,,,CMB,00:00 às 00:00,Docente não informado pelo Departamento
,50000.0,312.0,1.0,SAB,13:00 às 13:55,Giselly Lima de Moraes
,,,,CMB,00:00 às 00:00,Docente não informado pelo Departamento
,60000.0,312.0,1.0,SAB,13:00 às 13:55,Lanara Guimaraes de Souza
,,,,CMB,00:00 às 00:00,Docente não informado pelo Departamento
,70000.0,312.0,2.0,SAB,13:00 às 13:55,Marcia de Fatima Rabello Lovisi De Freit
,,,,CMB,00:00 às 00:00,Docente não informado pelo Departamento
,80000.0,312.0,1.0,SAB,13:00 às 13:55,Maria Izabel Souza Ribeiro
,,,,CMB,00:00 às 00:00,Docente não informado pelo Departamento
,90000.0,312.0,1.0,SAB,13:00 às 13:55,Marlene Oliveira dos Santos
,,,,CMB,00:00 às 00:00,Docente não informado pelo Departamento
,100000.0,312.0,1.0,SAB,13:55 às 14:50,Marlene Oliveira dos Santos
,,,,CMB,00:00 às 00:00,Docente não informado pelo Departamento
,110000.0,312.0,1.0,SAB,14:50 às 15:45,Marlene Oliveira dos Santos
,,,,CMB,00:00 às 00:00,Docente não informado pelo Departamento
,120000.0,312.0,1.0,SAB,13:00 às 13:55,Nanci Helena Reboucas Franco
,,,,CMB,00:00 às 00:00,Docente não informado pelo Departamento
,130000.0,312.0,1.0,SAB,13:00 às 13:55,Rejane de Oliveira Alves
,,,,CMB,00:00 às 00:00,Docente não informado pelo Departamento
,140000.0,312.0,1.0,SAB,13:00 às 13:55,Rodrigo da Silva Pereira
,,,,CMB,00:00 às 00:00,Docente não informado pelo Departamento
,150000.0,312.0,1.0,SAB,13:00 às 13:55,Sandra Maria Marinho Siqueira
,,,,CMB,00:00 às 00:00,Docente não informado pelo Departamento
,160000.0,312.0,1.0,SAB,13:00 às 13:55,Sheila de Quadros Uzeda
,,,,CMB,00:00 às 00:00,Docente não informado pelo Departamento
,170000.0,312.0,1.0,SAB,13:55 às 14:50,Sheila de Quadros Uzeda
,,,,CMB,00:00 às 00:00,Docente não informado pelo Departamento
,180000.0,312.0,1.0,SAB,13:00 às 13:55,Silvanne Ribeiro Santos
,,,,CMB,00:00 às 00:00,Docente não informado pelo Departamento
,190000.0,312.0,1.0,SAB,13:55 às 14:50,Silvanne Ribeiro Santos
,,,,CMB,00:00 às 00:00,Docente não informado pelo Departamento
,200000.0,312.0,1.0,SAB,14:50 às 15:45,Silvanne Ribeiro Santos
,,,,CMB,00:00 às 00:00,Docente não informado pelo Departamento
,210000.0,312.0,1.0,SAB,13:00 às 13:55,Urania Auxiliadora Santos Maia de Olivei
,,,,CMB,00:00 às 00:00,Docente não informado pelo Departamento
,220000.0,312.0,1.0,SAB,13:00 às 13:55,Veronica Domingues Almeida
,,,,CMB,00:00 às 00:00,Docente não informado pelo Departamento
,230000.0,312.0,1.0,SAB,13:55 às 14:50,Veronica Domingues Almeida
,,,,CMB,00:00 às 00:00,Docente não informado pelo Departamento
,240000.0,385.0,1.0,SAB,13:00 às 13:55,Ana Katia Alves dos Santos
,,,,CMB,00:00 às 00:00,Docente não informado pelo Departamento
,250000.0,385.0,1.0,SAB,14:50 às 15:45,Felix Marcial Diaz Rodriguez
,,,,CMB,00:00 às 00:00,Docente não informado pelo Departamento
,260000.0,385.0,1.0,SAB,13:00 às 13:55,Kelly Ludkiewicz Alves
,,,,CMB,00:00 às 00:00,Docente não informado pelo Departamento
,270000.0,385.0,1.0,SAB,13:55 às 14:50,Lanara Guimaraes de Souza
,,,,CMB,00:00 às 00:00,Docente não informado pelo Departamento
,280000.0,385.0,1.0,SAB,14:50 às 15:45,Lanara Guimaraes de Souza
,,,,CMB,00:00 às 00:00,Docente não informado pelo Departamento
,290000.0,385.0,1.0,SAB,13:00 às 13:55,Maria Roseli Gomes Brito de Sa
,,,,CMB,00:00 às 00:00,Docente não informado pelo Departamento
,300000.0,385.0,1.0,SAB,15:45 às 16:40,Marlene Oliveira dos Santos
,,,,CMB,00:00 às 00:00,Docente não informado pelo Departamento
,310000.0,385.0,1.0,SAB,16:40 às 17:35,Marlene Oliveira dos Santos
,,,,CMB,00:00 às 00:00,Docente não informado pelo Departamento
,320000.0,385.0,1.0,SAB,17:35 às 18:30,Marlene Oliveira dos Santos
,,,,CMB,00:00 às 00:00,Docente não informado pelo Departamento
,330000.0,385.0,1.0,SAB,13:55 às 14:50,Nanci Helena Reboucas Franco
,,,,CMB,00:00 às 00:00,Docente não informado pelo Departamento
,340000.0,385.0,1.0,SAB,14:50 às 15:45,Nanci Helena Reboucas Franco
,,,,CMB,00:00 às 00:00,Docente não informado pelo Departamento
,350000.0,385.0,1.0,SAB,13:00 às 13:55,Romilson Augusto dos Santos
,,,,CMB,00:00 às 00:00,Docente não informado pelo Departamento
,360000.0,385.0,1.0,SAB,13:00 às 13:55,Ronaldo Figueiredo Venas
,,,,CMB,00:00 às 00:00,Docente não informado pelo Departamento
,370000.0,385.0,1.0,SAB,13:55 às 14:50,Ronaldo Figueiredo Venas
,,,,CMB,00:00 às 00:00,Docente não informado pelo Departamento
,380000.0,385.0,1.0,SAB,13:55 às 14:50,Sandra Maria Marinho Siqueira
,,,,CMB,00:00 às 00:00,Docente não informado pelo Departamento
,390000.0,385.0,1.0,SAB,14:50 às 15:45,Sandra Maria Marinho Siqueira
,,,,CMB,00:00 às 00:00,Docente não informado pelo Departamento
,400000.0,385.0,1.0,SAB,14:50 às 15:45,Sheila de Quadros Uzeda
,,,,CMB,00:00 às 00:00,Docente não informado pelo Departamento
,410000.0,385.0,1.0,SAB,13:55 às 14:50,Urania Auxiliadora Santos Maia de Olivei
,,,,CMB,00:00 às 00:00,Docente não informado pelo Departamento
,420000.0,385.0,1.0,SAB,14:50 às 15:45,Veronica Domingues Almeida
,,,,CMB,00:00 às 00:00,Docente não informado pelo Departamento
,430000.0,312.0,1.0,SAB,13:00 às 13:55,Uilma Rodrigues de Matos
,,,,CMB,00:00 às 00:00,Docente não informado pelo Departamento
,440000.0,385.0,1.0,SAB,13:00 às 13:55,Marize Souza Carvalho
,,,,CMB,00:00 às 00:00,Docente não informado pelo Departamento
,,,,,,
,,,,,,
,,,,,,
,,,,,,
,,,,,,
EDCB98 - PRÁTICAS EDUCATIVAS EM EDUCAÇÃO INFANTIL,10100.0,312.0,17.0,SEG,08:50 às 10:40,Marlene Oliveira dos Santos
,,,,,10:40 às 12:30,Marlene Oliveira dos Santos
,20200.0,387.0,9.0,TER,18:30 às 20:20,Marlene Oliveira dos Santos
,,385.0,16.0,,,Marlene Oliveira dos Santos
,,387.0,9.0,,20:20 às 22:10,Marlene Oliveira dos Santos
,,385.0,16.0,,,Marlene Oliveira dos Santos
,,,,,,
,,,,,,
,,,,,,
,,,,,,
,,,,,,
EDCC03 - ÉTICA E EDUCAÇÃO,10100.0,580.0,5.0,SEG,18:30 às 20:20,Wilson Nascimento Santos
,,402.0,5.0,,,Wilson Nascimento Santos
,,401.0,2.0,,,Wilson Nascimento Santos
,,387.0,5.0,,,Wilson Nascimento Santos
,,312.0,5.0,,,Wilson Nascimento Santos
,,286.0,5.0,,,Wilson Nascimento Santos
,,226.0,3.0,,,Wilson Nascimento Santos
,,580.0,5.0,,20:20 às 22:10,Wilson Nascimento Santos
,,402.0,5.0,,,Wilson Nascimento Santos
,,401.0,2.0,,,Wilson Nascimento Santos
,,387.0,5.0,,,Wilson Nascimento Santos
,,312.0,5.0,,,Wilson Nascimento Santos
,,286.0,5.0,,,Wilson Nascimento Santos
,,226.0,3.0,,,Wilson Nascimento Santos
,20200.0,580.0,4.0,TER,18:30 às 20:20,Wilson Nascimento Santos
,,480.0,5.0,,,Wilson Nascimento Santos
,,403.0,1.0,,,Wilson Nascimento Santos
,,387.0,5.0,,,Wilson Nascimento Santos
,,385.0,5.0,,,Wilson Nascimento Santos
,,286.0,5.0,,,Wilson Nascimento Santos
,,226.0,5.0,,,Wilson Nascimento Santos
,,580.0,4.0,,20:20 às 22:10,Wilson Nascimento Santos
,,480.0,5.0,,,Wilson Nascimento Santos
,,403.0,1.0,,,Wilson Nascimento Santos
,,387.0,5.0,,,Wilson Nascimento Santos
,,385.0,5.0,,,Wilson Nascimento Santos
,,286.0,5.0,,,Wilson Nascimento Santos
,,226.0,5.0,,,Wilson Nascimento Santos
,,,,,,
,,,,,,
,,,,,,
,,,,,,
,,,,,,
EDCC95 - TEE - YOGA NA EDUCAÇÃO,10100.0,387.0,4.0,SEG,16:40 às 18:30,Hilda Maria Ferreira de Carvalho Amitay
,,315.0,10.0,,,Hilda Maria Ferreira de Carvalho Amitay
,,312.0,4.0,,,Hilda Maria Ferreira de Carvalho Amitay
,,226.0,5.0,,,Hilda Maria Ferreira de Carvalho Amitay
,,210.0,5.0,,,Hilda Maria Ferreira de Carvalho Amitay
,,190.0,2.0,,,Hilda Maria Ferreira de Carvalho Amitay
,,387.0,4.0,SEX,16:40 às 18:30,Hilda Maria Ferreira de Carvalho Amitay
,,315.0,10.0,,,Hilda Maria Ferreira de Carvalho Amitay
,,312.0,4.0,,,Hilda Maria Ferreira de Carvalho Amitay
,,226.0,5.0,,,Hilda Maria Ferreira de Carvalho Amitay
,,210.0,5.0,,,Hilda Maria Ferreira de Carvalho Amitay
,,190.0,2.0,,,Hilda Maria Ferreira de Carvalho Amitay
,,,,,,
,,,,,,
,,,,,,
,,,,,,
,,,,,,
"EDCD40 - TEORIA GERAL DA EDUCAÇÃO FÍSICA, ESPORTE E LAZER",10000.0,315.0,35.0,SEG,07:00 às 08:50,Bruno Otavio de Lacerda Abrahao
,,,,,08:50 às 10:40,Bruno Otavio de Lacerda Abrahao
,,,,,,
,,,,,,
,,,,,,
,,,,,,
,,,,,,
"EDCD48 - ABORDAGENS, MÉTODOS E TÉCNICAS DE PESQUISA I",10000.0,315.0,46.0,SEX,10:40 às 12:30,Nair Casagrande
,,,,,,
,,,,,,
,,,,,,
,,,,,,
,,,,,,
EDCD49 - ESPORTE I,10100.0,327.0,5.0,QUI,08:50 às 10:40,Thais do Amaral Machado
,,315.0,25.0,,,Thais do Amaral Machado
,,327.0,5.0,,10:40 às 12:30,Thais do Amaral Machado
,,315.0,25.0,,,Thais do Amaral Machado
,,,,,,
,,,,,,
,,,,,,
,,,,,,
,,,,,,
EDCD50 - GINÁSTICA I,10100.0,315.0,35.0,TER,08:50 às 10:40,Kizzy Fernandes Antualpa
,,,,,10:40 às 12:30,Kizzy Fernandes Antualpa
,,,,,,
,,,,,,
,,,,,,
,,,,,,
,,,,,,
EDCD51 - EDUCAÇÃO E SAÚDE,10000.0,387.0,1.0,SEG,08:50 às 12:30,Claudia Miranda Souza
,,315.0,25.0,,,Claudia Miranda Souza
,,286.0,1.0,,,Claudia Miranda Souza
,,226.0,1.0,,,Claudia Miranda Souza
,,210.0,5.0,,,Claudia Miranda Souza
,,209.0,10.0,,,Claudia Miranda Souza
,,,,,,
,,,,,,
,,,,,,
,,,,,,
,,,,,,
EDCD52 - PRÁTICA DE ENSINO II,100.0,315.0,35.0,QUA,07:00 às 10:40,Elza Margarida de Mendonca Peixoto
,,,,,10:40 às 12:30,Elza Margarida de Mendonca Peixoto
,,,,,,
,,,,,,
,,,,,,
,,,,,,
,,,,,,
EDCD53 - ESPORTE II,10100.0,315.0,35.0,TER,08:50 às 10:40,Fernando Reis do Espirito Santo
,,,,,10:40 às 12:30,Fernando Reis do Espirito Santo
,,,,,,
,,,,,,
,,,,,,
,,,,,,
,,,,,,
EDCD54 - GINÁSTICA II,10100.0,315.0,35.0,QUI,08:50 às 10:40,Kizzy Fernandes Antualpa
,,,,,10:40 às 12:30,Kizzy Fernandes Antualpa
,,,,,,
,,,,,,
,,,,,,
,,,,,,
,,,,,,
EDCD55 - PRÁTICA DE ENSINO III,100.0,315.0,35.0,SEX,07:00 às 10:40,Claudio de Lira Santos Junior
,,,,,10:40 às 12:30,Claudio de Lira Santos Junior
,,,,,,
,,,,,,
,,,,,,
,,,,,,
,,,,,,
"EDCD56 - ABORDAGENS, MÉTODOS E TÉCNICAS DE PESQUISA II",10000.0,315.0,35.0,QUA,10:40 às 12:30,Nair Casagrande
,,,,,,
,,,,,,
,,,,,,
,,,,,,
,,,,,,
EDCD57 - EDUCAÇÃO E LAZER,10100.0,387.0,2.0,QUI,08:50 às 10:40,Coriolano Pereira da Rocha Junior
,,315.0,30.0,,,Coriolano Pereira da Rocha Junior
,,387.0,2.0,,10:40 às 12:30,Coriolano Pereira da Rocha Junior
,,315.0,30.0,,,Coriolano Pereira da Rocha Junior
,,,,,,
,,,,,,
,,,,,,
,,,,,,
,,,,,,
EDCD58 - EDUCAÇÃO FÍSICA ADAPTADA,10100.0,327.0,5.0,QUI,07:55 às 09:45,Admilson Santos
,,315.0,30.0,,,Admilson Santos
,,327.0,5.0,,09:45 às 11:35,Admilson Santos
,,315.0,30.0,,,Admilson Santos
,,,,,,
,,,,,,
,,,,,,
,,,,,,
,,,,,,
"EDCD59 - EDUCAÇÃO, IDENTIDADE E PLURALIDADE CULTURAL",10000.0,315.0,35.0,TER,08:50 às 10:40,Bruno Otavio de Lacerda Abrahao
,,,,,10:40 às 12:30,Bruno Otavio de Lacerda Abrahao
,,,,,,
,,,,,,
,,,,,,
,,,,,,
,,,,,,
EDCD60 - ESPORTE III,10100.0,315.0,35.0,SEG,08:50 às 10:40,Thais do Amaral Machado
,,,,,10:40 às 12:30,Thais do Amaral Machado
,,,,,,
,,,,,,
,,,,,,
,,,,,,
,,,,,,
EDCD61 - GINÁSTICA III,10100.0,315.0,35.0,QUI,08:50 às 10:40,Docente Substituto a Contratar
,,,,,10:40 às 12:30,Docente Substituto a Contratar
,,,,,,
,,,,,,
,,,,,,
,,,,,,
,,,,,,
EDCD62 - PRÁTICA DE ENSINO IV,100.0,315.0,35.0,SEX,07:00 às 12:30,Claudia Miranda Souza
,,,,,,
,,,,,,
,,,,,,
,,,,,,
,,,,,,
"EDCD63 - GESTÃO E ORGANIZAÇÃO DA EDUCAÇÃO FÍSICA, ESPORTE E LAZER",10100.0,315.0,35.0,TER,08:50 às 10:40,Romilson Augusto dos Santos
,,,,,10:40 às 12:30,Romilson Augusto dos Santos
,,,,,,
,,,,,,
,,,,,,
,,,,,,
,,,,,,
"EDCD64 - ABORDAGENS, MÉTODOS E TÉCNICAS DE PESQUISA III",10000.0,315.0,35.0,QUA,09:45 às 11:35,Fernando Reis do Espirito Santo
,,,,,,
,,,,,,
,,,,,,
,,,,,,
,,,,,,
"EDCD65 - MEIO AMBIENTE, EDUCAÇÃO FÍSICA, ESPORTE E LAZER",10100.0,327.0,5.0,QUA,07:00 às 08:50,Jose Ney do Nascimento Santos
,,315.0,20.0,,,Jose Ney do Nascimento Santos
,,226.0,5.0,,,Jose Ney do Nascimento Santos
,,327.0,5.0,,08:50 às 10:40,Jose Ney do Nascimento Santos
,,315.0,20.0,,,Jose Ney do Nascimento Santos
,,226.0,5.0,,,Jose Ney do Nascimento Santos
,,,,,,
,,,,,,
,,,,,,
,,,,,,
,,,,,,
EDCD68 - ESPORTE IV,10100.0,327.0,4.0,SEX,13:00 às 14:50,Thais do Amaral Machado
,,315.0,30.0,,,Thais do Amaral Machado
,,327.0,4.0,,14:50 às 16:40,Thais do Amaral Machado
,,315.0,30.0,,,Thais do Amaral Machado
,,,,,,
,,,,,,
,,,,,,
,,,,,,
,,,,,,
"EDCD70 - POLÍTICAS PÚBLICAS DE EDUCAÇÃO FÍSICA,SAÚDE, ESPORTE E LAZER",10000.0,315.0,35.0,QUI,07:00 às 08:50,Jose Ney do Nascimento Santos
,,,,,08:50 às 10:40,Jose Ney do Nascimento Santos
,,,,,,
,,,,,,
,,,,,,
,,,,,,
,,,,,,
EDCD71 - ESTÁGIO SUPERVISIONADO EM EDUCAÇÃO FÍSICA I,1.0,315.0,15.0,TER,07:00 às 12:30,Docente Substituto a Contratar
,,,,,,
,,,,,,
,,,,,,
,,,,,,
,,,,,,
EDCD72 - ESTÁGIO SUPERVISIONADO EM EDUCAÇÃO II,1.0,315.0,15.0,QUA,07:00 às 12:30,Augusto Cesar Rios Leiro
,,,,,,
,,,,,,
,,,,,,
,,,,,,
,,,,,,
EDCD73 - ESTÁGIO SUPERVISIONADO EM EDUCAÇÃO FÍSICA III,1.0,315.0,15.0,SEG,07:00 às 10:40,Docente Substituto a Contratar
,,,,,10:40 às 12:30,Docente Substituto a Contratar
,,,,,,
,,,,,,
,,,,,,
,,,,,,
,,,,,,
EDCD74 - ESTÁGIO SUPERFISIONADO EM EDUCAÇÃO FÍSICA IV,1.0,315.0,15.0,TER,07:00 às 12:30,Regina Sandra Marchesi
,,,,,,
,,,,,,
,,,,,,
,,,,,,
,,,,,,
EDCD75 - BIOMECÂNICA APLICADA A EDUCAÇÃO FÍSICA,10100.0,315.0,30.0,QUA,07:00 às 08:50,Marcela Rodrigues de Castro
,,226.0,5.0,,,Marcela Rodrigues de Castro
,,315.0,30.0,,08:50 às 10:40,Marcela Rodrigues de Castro
,,226.0,5.0,,,Marcela Rodrigues de Castro
,,,,,,
,,,,,,
,,,,,,
,,,,,,
,,,,,,
EDCD76 - PRÁTICA DE ENSINO I,10100.0,315.0,30.0,QUA,07:00 às 08:50,Celi Nelza Zulke Taffarel
,,189.0,1.0,,,Celi Nelza Zulke Taffarel
,,315.0,30.0,,08:50 às 10:40,Celi Nelza Zulke Taffarel
,,189.0,1.0,,,Celi Nelza Zulke Taffarel
,,315.0,30.0,,10:40 às 12:30,Celi Nelza Zulke Taffarel
,,189.0,1.0,,,Celi Nelza Zulke Taffarel
,20200.0,315.0,20.0,QUA,07:00 às 08:50,Docente Substituto a Contratar
,,,,,08:50 às 10:40,Docente Substituto a Contratar
,,,,,10:40 às 12:30,Docente Substituto a Contratar
,,,,,,
,,,,,,
,,,,,,
,,,,,,
,,,,,,
EDCD94 - ACCS:EDC EM REDE: ARTICUL ENTRE A UFBA E ESCOLA BÁSICA - SSA,100.0,515.0,3.0,CMB,00:00 às 23:00,Alessandra Santos de Assis
,,312.0,5.0,,,Alessandra Santos de Assis
,,308.0,2.0,,,Alessandra Santos de Assis
,,286.0,4.0,,,Alessandra Santos de Assis
,,190.0,3.0,,,Alessandra Santos de Assis
,,,,,,
,,,,,,
,,,,,,
,,,,,,
,,,,,,
EDCE40 - TEE - EDUCAÇÃO POPULAR NO CONTEXTO DO CAMPO,10100.0,506.0,3.0,QUI,19:25 às 21:15,Nair Casagrande
,,387.0,16.0,,,Nair Casagrande
,,385.0,2.0,,,Nair Casagrande
,,327.0,3.0,,,Nair Casagrande
,,315.0,3.0,,,Nair Casagrande
,,312.0,2.0,,,Nair Casagrande
,,209.0,2.0,,,Nair Casagrande
,,506.0,3.0,CMB,00:00 às 00:00,Nair Casagrande
,,387.0,16.0,,,Nair Casagrande
,,385.0,2.0,,,Nair Casagrande
,,327.0,3.0,,,Nair Casagrande
,,315.0,3.0,,,Nair Casagrande
,,312.0,2.0,,,Nair Casagrande
,,209.0,2.0,,,Nair Casagrande
,,,,,,
,,,,,,
,,,,,,
,,,,,,
,,,,,,
EDCH65 - ESTÁGIO SUPERVISIONADO III,1.0,202.0,15.0,TER,07:55 às 09:45,Denise Moura de Jesus Guerra
,,,,CMB,00:00 às 00:00,Herbert Gomes da Silva
,2.0,202.0,15.0,TER,07:55 às 09:45,Herbert Gomes da Silva
,,,,CMB,00:00 às 00:00,Denise Moura de Jesus Guerra
,3.0,280.0,15.0,SEG,18:30 às 20:20,Docente Substituto a Contratar
,,,,CMB,00:00 às 00:00,Docente não informado pelo Departamento
,,,,,,
,,,,,,
,,,,,,
,,,,,,
,,,,,,
EDCH82 - ACCS - SABERES E FAZERES DA CULTURA POPULAR NA EDUCAÇÃO,10100.0,506.0,1.0,TER,16:40 às 18:30,Pedro Rodolpho Jungers Abib
,,387.0,1.0,,,Pedro Rodolpho Jungers Abib
,,385.0,2.0,,,Pedro Rodolpho Jungers Abib
,,327.0,1.0,,,Pedro Rodolpho Jungers Abib
,,325.0,2.0,,,Pedro Rodolpho Jungers Abib
,,315.0,5.0,,,Pedro Rodolpho Jungers Abib
,,312.0,2.0,,,Pedro Rodolpho Jungers Abib
,,286.0,2.0,,,Pedro Rodolpho Jungers Abib
,,226.0,2.0,,,Pedro Rodolpho Jungers Abib
,,209.0,2.0,,,Pedro Rodolpho Jungers Abib
,,506.0,1.0,CMB,00:00 às 00:00,Pedro Rodolpho Jungers Abib
,,387.0,1.0,,,Pedro Rodolpho Jungers Abib
,,385.0,2.0,,,Pedro Rodolpho Jungers Abib
,,327.0,1.0,,,Pedro Rodolpho Jungers Abib
,,325.0,2.0,,,Pedro Rodolpho Jungers Abib
,,315.0,5.0,,,Pedro Rodolpho Jungers Abib
,,312.0,2.0,,,Pedro Rodolpho Jungers Abib
,,286.0,2.0,,,Pedro Rodolpho Jungers Abib
,,226.0,2.0,,,Pedro Rodolpho Jungers Abib
,,209.0,2.0,,,Pedro Rodolpho Jungers Abib
,,,,,,
,,,,,,
,,,,,,
,,,,,,
,,,,,,
EDCH84 - ESTÁGIO I EM GEOGRAFIA,1.0,182.0,10.0,SEG,18:30 às 20:20,Maria Inez da Silva de Souza Carvalho
,,109.0,5.0,,,Maria Inez da Silva de Souza Carvalho
,,182.0,10.0,,20:20 às 22:10,Maria Inez da Silva de Souza Carvalho
,,109.0,5.0,,,Maria Inez da Silva de Souza Carvalho
,,182.0,10.0,CMB,00:00 às 00:00,Maria Inez da Silva de Souza Carvalho
,,109.0,5.0,,,Maria Inez da Silva de Souza Carvalho
,,,,,,
,,,,,,
,,,,,,
,,,,,,
,,,,,,
EDCH85 - ESTÁGIO II EM GEOGRAFIA,1.0,182.0,5.0,QUA,07:00 às 12:30,Izis Thelma Santiago Martins
,,109.0,10.0,,,Izis Thelma Santiago Martins
,,,,,,
,,,,,,
,,,,,,
,,,,,,
,,,,,,
EDCH86 - ESTÁGIO III EM GEOGRAFIA,1.0,182.0,15.0,QUI,18:30 às 20:20,Fabio Pessoa Vieira
,,,,,20:20 às 22:10,Fabio Pessoa Vieira
,,,,CMB,00:00 às 00:00,Fabio Pessoa Vieira
,2.0,109.0,15.0,SEX,07:55 às 12:30,Izis Thelma Santiago Martins
,,,,CMB,00:00 às 00:00,Izis Thelma Santiago Martins
,,,,,,
,,,,,,
,,,,,,
,,,,,,
,,,,,,
EDCH87 - ESTÁGIO IV EM GEOGRAFIA,1.0,109.0,15.0,TER,07:55 às 12:30,Fabio Pessoa Vieira
,,,,CMB,00:00 às 00:00,Fabio Pessoa Vieira
,2.0,182.0,15.0,QUA,18:30 às 22:10,Maria Inez da Silva de Souza Carvalho
,,,,CMB,00:00 às 00:00,Maria Inez da Silva de Souza Carvalho
,,,,,,
,,,,,,
,,,,,,
,,,,,,
,,,,,,
EDCJ22 - ESTÁGIO SUPERVISIONADO EM ENSINO DE ARTES VISUAIS I,1.0,505.0,15.0,TER,07:00 às 09:45,Samira da Costa Sten
,,,,CMB,00:00 às 00:00,Samira da Costa Sten
,,,,,,
,,,,,,
,,,,,,
,,,,,,
,,,,,,
EDCJ23 - ESTÁGIO SUPERVISIONADO EM ENSINO DE ARTES VISUAIS II,1.0,505.0,15.0,QUI,07:00 às 09:45,Samira da Costa Sten
,,,,CMB,00:00 às 00:00,Samira da Costa Sten
,,,,,,
,,,,,,
,,,,,,
,,,,,,
,,,,,,
EDCJ24 - ESTÁGIO SUPERVISIONADO EM ENSINO DE ARTES VISUAIS III,1.0,505.0,15.0,TER,07:55 às 10:40,Disalda Mara Teixeira Leite
,,,,QUI,07:55 às 10:40,Disalda Mara Teixeira Leite
,,,,,,
,,,,,,
,,,,,,
,,,,,,
,,,,,,
EDCJ25 - ESTÁGIO SUPERVISIONADO EM ENSINO DE ARTES VISUAIS IV,1.0,505.0,15.0,TER,10:40 às 12:30,Disalda Mara Teixeira Leite
,,,,QUI,10:40 às 12:30,Disalda Mara Teixeira Leite
,,,,CMB,00:00 às 00:00,Disalda Mara Teixeira Leite
,,,,,,
,,,,,,
,,,,,,
,,,,,,
,,,,,,
EDCJ26 - METODOLOGIA DO ENSINO DAS ARTES VISUAIS,10000.0,505.0,30.0,TER,10:40 às 12:30,Samira da Costa Sten
,,,,QUI,10:40 às 12:30,Samira da Costa Sten
,,,,CMB,00:00 às 00:00,Samira da Costa Sten
,,,,,,
,,,,,,
,,,,,,
,,,,,,
,,,,,,
EDCJ32 - METODOLOGIA DO ENSINO DE FÍSICA,10100.0,108.0,30.0,SEG,08:50 às 10:40,Docente não informado pelo Departamento
,,,,QUA,08:50 às 10:40,Docente não informado pelo Departamento
,20200.0,181.0,20.0,SEG,18:30 às 20:20,Madaya dos Santos Figueiredo de Aguiar
,,108.0,10.0,,,Madaya dos Santos Figueiredo de Aguiar
,,181.0,20.0,QUA,18:30 às 20:20,Madaya dos Santos Figueiredo de Aguiar
,,108.0,10.0,,,Madaya dos Santos Figueiredo de Aguiar
,,,,,,
,,,,,,
,,,,,,
,,,,,,
,,,,,,
EDCJ90 - ACCS:MEMÓRIA E EXPERIÊNCIA: DIÁLOGOS COMUNIDADE UNIVERSIDADE,10100.0,385.0,2.0,QUA,13:55 às 14:50,Maria Cecilia de Paula Silva
,,327.0,1.0,,,Maria Cecilia de Paula Silva
,,325.0,2.0,,,Maria Cecilia de Paula Silva
,,315.0,1.0,,,Maria Cecilia de Paula Silva
,,312.0,2.0,,,Maria Cecilia de Paula Silva
,,310.0,2.0,,,Maria Cecilia de Paula Silva
,,226.0,3.0,,,Maria Cecilia de Paula Silva
,,209.0,2.0,,,Maria Cecilia de Paula Silva
,,182.0,2.0,,,Maria Cecilia de Paula Silva
,,109.0,2.0,,,Maria Cecilia de Paula Silva
,,385.0,2.0,,14:50 às 15:45,Maria Cecilia de Paula Silva
,,327.0,1.0,,,Maria Cecilia de Paula Silva
,,325.0,2.0,,,Maria Cecilia de Paula Silva
,,315.0,1.0,,,Maria Cecilia de Paula Silva
,,312.0,2.0,,,Maria Cecilia de Paula Silva
,,310.0,2.0,,,Maria Cecilia de Paula Silva
,,226.0,3.0,,,Maria Cecilia de Paula Silva
,,209.0,2.0,,,Maria Cecilia de Paula Silva
,,182.0,2.0,,,Maria Cecilia de Paula Silva
,,109.0,2.0,,,Maria Cecilia de Paula Silva
,,385.0,2.0,CMB,00:00 às 00:00,Maria Cecilia de Paula Silva
,,327.0,1.0,,,Maria Cecilia de Paula Silva
,,325.0,2.0,,,Maria Cecilia de Paula Silva
,,315.0,1.0,,,Maria Cecilia de Paula Silva
,,312.0,2.0,,,Maria Cecilia de Paula Silva
,,310.0,2.0,,,Maria Cecilia de Paula Silva
,,226.0,3.0,,,Maria Cecilia de Paula Silva
,,209.0,2.0,,,Maria Cecilia de Paula Silva
,,182.0,2.0,,,Maria Cecilia de Paula Silva
,,109.0,2.0,,,Maria Cecilia de Paula Silva
,,,,,,
,,,,,,
,,,,,,
,,,,,,
,,,,,,
EDCK15 - ARTE E EDUCAÇÃO - AVA,545400.0,875.0,86.0,CMB,00:00 às 23:00,Docente não informado pelo Departamento
,575700.0,875.0,92.0,CMB,00:00 às 23:00,Docente não informado pelo Departamento
,585800.0,875.0,58.0,CMB,00:00 às 23:00,Docente não informado pelo Departamento
,626200.0,875.0,64.0,CMB,00:00 às 23:00,Docente não informado pelo Departamento
,686800.0,875.0,45.0,CMB,00:00 às 23:00,Docente não informado pelo Departamento
,717100.0,875.0,33.0,CMB,00:00 às 23:00,Docente não informado pelo Departamento
,737300.0,875.0,94.0,CMB,00:00 às 23:00,Docente não informado pelo Departamento
,,,,,,
,,,,,,
,,,,,,
,,,,,,
,,,,,,
EDCK17 - EDUCAÇÃO DE PESSOAS COM NECESSIDADES ESPECIAIS - AVA,545400.0,875.0,86.0,CMB,00:00 às 23:00,Docente não informado pelo Departamento
,575700.0,875.0,92.0,CMB,00:00 às 23:00,Docente não informado pelo Departamento
,585800.0,875.0,58.0,CMB,00:00 às 23:00,Docente não informado pelo Departamento
,626200.0,875.0,64.0,CMB,00:00 às 23:00,Docente não informado pelo Departamento
,686800.0,875.0,45.0,CMB,00:00 às 23:00,Docente não informado pelo Departamento
,717100.0,875.0,33.0,CMB,00:00 às 23:00,Docente não informado pelo Departamento
,737300.0,875.0,94.0,CMB,00:00 às 23:00,Docente não informado pelo Departamento
,,,,,,
,,,,,,
,,,,,,
,,,,,,
,,,,,,
EDCK25 - PESQUISA EM EDUCAÇÃO - AVA,545400.0,875.0,86.0,CMB,00:00 às 23:00,Nanci Helena Reboucas Franco
,575700.0,875.0,92.0,CMB,00:00 às 23:00,Nanci Helena Reboucas Franco
,585800.0,875.0,58.0,CMB,00:00 às 23:00,Nanci Helena Reboucas Franco
,626200.0,875.0,64.0,CMB,00:00 às 23:00,Nanci Helena Reboucas Franco
,686800.0,875.0,45.0,CMB,00:00 às 23:00,Nanci Helena Reboucas Franco
,717100.0,875.0,33.0,CMB,00:00 às 23:00,Nanci Helena Reboucas Franco
,737300.0,875.0,94.0,CMB,00:00 às 23:00,Nanci Helena Reboucas Franco
,,,,,,
,,,,,,
,,,,,,
,,,,,,
,,,,,,
EDCK36 - EDUCAÇÃO PROFISSIONAL - AVA,545400.0,875.0,86.0,CMB,00:00 às 23:00,Marize Souza Carvalho
,575700.0,875.0,92.0,CMB,00:00 às 23:00,Marize Souza Carvalho
,585800.0,875.0,58.0,CMB,00:00 às 23:00,Marize Souza Carvalho
,626200.0,875.0,64.0,CMB,00:00 às 23:00,Marize Souza Carvalho
,686800.0,875.0,45.0,CMB,00:00 às 23:00,Marize Souza Carvalho
,717100.0,875.0,33.0,CMB,00:00 às 23:00,Marize Souza Carvalho
,737300.0,875.0,94.0,CMB,00:00 às 23:00,Marize Souza Carvalho
,,,,,,
,,,,,,
,,,,,,
,,,,,,
,,,,,,
EDCK39 - ORGANIZAÇÃO E GESTÃO DO TRABALHO PEDAGÓGICO - AVA,545400.0,875.0,86.0,CMB,00:00 às 23:00,Docente não informado pelo Departamento
,575700.0,875.0,92.0,CMB,00:00 às 23:00,Docente não informado pelo Departamento
,585800.0,875.0,58.0,CMB,00:00 às 23:00,Docente não informado pelo Departamento
,626200.0,875.0,64.0,CMB,00:00 às 23:00,Docente não informado pelo Departamento
,686800.0,875.0,45.0,CMB,00:00 às 23:00,Docente não informado pelo Departamento
,717100.0,875.0,33.0,CMB,00:00 às 23:00,Docente não informado pelo Departamento
,737300.0,875.0,94.0,CMB,00:00 às 23:00,Docente não informado pelo Departamento
,,,,,,
,,,,,,
,,,,,,
,,,,,,
,,,,,,
"EDCK67 - EDUCAÇÃO, GÊNERO E SEXUALIDADE",10100.0,506.0,1.0,QUA,08:50 às 10:40,Edilza Correia Sotero
,,503.0,4.0,,,Edilza Correia Sotero
,,387.0,3.0,,,Edilza Correia Sotero
,,385.0,9.0,,,Edilza Correia Sotero
,,327.0,1.0,,,Edilza Correia Sotero
,,312.0,14.0,,,Edilza Correia Sotero
,,183.0,4.0,,,Edilza Correia Sotero
,,111.0,4.0,,,Edilza Correia Sotero
,,506.0,1.0,,10:40 às 12:30,Edilza Correia Sotero
,,503.0,4.0,,,Edilza Correia Sotero
,,387.0,3.0,,,Edilza Correia Sotero
,,385.0,9.0,,,Edilza Correia Sotero
,,327.0,1.0,,,Edilza Correia Sotero
,,312.0,14.0,,,Edilza Correia Sotero
,,183.0,4.0,,,Edilza Correia Sotero
,,111.0,4.0,,,Edilza Correia Sotero
,,,,,,
,,,,,,
,,,,,,
,,,,,,
,,,,,,
EDCK72 - LIBRAS - AVA,545400.0,875.0,86.0,CMB,00:00 às 23:00,Docente não informado pelo Departamento
,575700.0,875.0,92.0,CMB,00:00 às 23:00,Docente não informado pelo Departamento
,585800.0,875.0,58.0,CMB,00:00 às 23:00,Docente não informado pelo Departamento
,626200.0,875.0,64.0,CMB,00:00 às 23:00,Docente não informado pelo Departamento
,686800.0,875.0,45.0,CMB,00:00 às 23:00,Docente não informado pelo Departamento
,717100.0,875.0,33.0,CMB,00:00 às 23:00,Docente não informado pelo Departamento
,737300.0,875.0,94.0,CMB,00:00 às 23:00,Docente não informado pelo Departamento
,,,,,,
,,,,,,
,,,,,,
,,,,,,
,,,,,,
EDCK75 - EDUCAÇÃO E DIREITOS HUMANOS,10000.0,503.0,1.0,QUA,08:50 às 12:30,Adriana Franco de Queiroz
,,401.0,1.0,,,Adriana Franco de Queiroz
,,387.0,1.0,,,Adriana Franco de Queiroz
,,385.0,14.0,,,Adriana Franco de Queiroz
,,315.0,1.0,,,Adriana Franco de Queiroz
,,312.0,8.0,,,Adriana Franco de Queiroz
,,310.0,1.0,,,Adriana Franco de Queiroz
,,209.0,1.0,,,Adriana Franco de Queiroz
,,202.0,1.0,,,Adriana Franco de Queiroz
,,109.0,1.0,,,Adriana Franco de Queiroz
,,,,,,
,,,,,,
,,,,,,
,,,,,,
,,,,,,
EDCK77 - PRÁTICAS INTERDISCIPLINARES NO ENSINO DE FÍSICA,10000.0,108.0,10.0,QUI,18:30 às 19:25,Madaya dos Santos Figueiredo de Aguiar
,,,,,19:25 às 20:20,Docente Substituto a Contratar
,20000.0,181.0,10.0,QUI,18:30 às 19:25,Docente Substituto a Contratar
,,,,,19:25 às 20:20,Madaya dos Santos Figueiredo de Aguiar
